Seller ID,Main Category,Sign-up Time,Activation Time,1st Listing,1st Salable,1st Transaction,Sign-up to Activation,Sign-up to Transaction,Sign-up to Listing,Sign-up to Salable,Activation to Listing,Listing to Salable,Salable to Transaction
6,LifeStyle,2018-01-04,2018-03-21,2018-06-11,2018-09-19,2018-09-20,76,259,158,258,82,100,1
7,BBFF,2018-01-26,2018-03-06,2018-10-01,2018-10-02,2018-10-14,39,261,248,249,209,1,12
10,BBFF,2018-02-02,2018-03-30,2018-03-30,2018-09-27,2018-09-30,56,240,56,237,0,181,3
13,BBFF,2018-01-14,2018-02-06,2018-07-19,2018-08-06,2018-08-06,23,204,186,204,163,18,0
14,BBFF,2018-03-22,2018-03-30,2018-06-12,2018-10-06,2018-10-06,8,198,82,198,74,116,0
15,BBFF,2018-01-30,2018-03-02,2018-08-09,2018-08-11,2018-08-10,31,192,191,193,160,2,-1
16,Electronic,2018-03-28,2018-03-29,2018-04-18,2018-10-07,2018-10-15,1,201,21,193,20,172,8
17,BBFF,2018-04-05,2018-04-27,2018-04-20,2018-10-15,2018-10-16,22,194,15,193,-7,178,1
18,BBFF,2018-02-02,2018-03-05,2018-02-27,2018-08-06,2018-08-06,31,185,25,185,-6,160,0
19,BBFF,2018-04-16,2018-04-26,2018-10-17,2018-10-17,2018-10-17,10,184,184,184,174,0,0
20,BBFF,2018-04-04,2018-04-18,2018-05-13,2018-10-04,2018-10-07,14,186,39,183,25,144,3
21,LifeStyle,2018-04-16,2018-04-20,2018-10-15,2018-10-15,2018-10-15,4,182,182,182,178,0,0
23,BBFF,2018-04-18,2018-05-25,2018-06-11,2018-10-16,2018-10-18,37,183,54,181,17,127,2
25,BBFF,2018-03-24,2018-03-28,2018-09-18,2018-09-19,2018-10-12,4,202,178,179,174,1,23
27,BBFF,2018-04-17,2018-06-22,2018-10-03,2018-10-12,2018-10-13,66,179,169,178,103,9,1
28,LifeStyle,2018-04-14,2018-04-23,2018-10-02,2018-10-08,2018-10-08,9,177,171,177,162,6,0
29,Electronic,2018-03-22,2018-03-26,2018-04-02,2018-09-13,2018-09-28,4,190,11,175,7,164,15
30,BBFF,2018-04-06,2018-05-11,2018-06-13,2018-09-28,2018-09-28,35,175,68,175,33,107,0
31,BBFF,2018-01-23,2018-02-08,2018-02-22,2018-07-14,2018-07-14,16,172,30,172,14,142,0
32,BBFF,2018-04-11,2018-04-20,2018-08-23,2018-09-28,2018-09-28,9,170,134,170,125,36,0
33,BBFF,2018-01-29,2018-02-08,2018-03-27,2018-07-17,2018-07-29,10,181,57,169,47,112,12
35,Electronic,2018-04-21,2018-04-27,2018-09-29,2018-10-06,2018-10-05,6,167,161,168,155,7,-1
38,Digital Service,2018-01-24,2018-04-18,2018-04-18,2018-07-05,2018-07-05,84,162,84,162,0,78,0
39,BBFF,2018-04-20,2018-06-22,2018-05-16,2018-09-29,2018-09-28,63,161,26,162,-37,136,-1
40,BBFF,2018-04-26,2018-06-05,2018-08-14,2018-10-04,2018-10-05,40,162,110,161,70,51,1
41,BBFF,2018-05-03,2018-05-25,2018-10-08,2018-10-09,2018-10-13,22,163,158,159,136,1,4
42,BBFF,2018-02-02,2018-03-05,2018-07-04,2018-07-10,2018-07-11,31,159,152,158,121,6,1
43,BBFF,2018-03-24,2018-03-28,2018-05-14,2018-08-27,2018-08-30,4,159,51,156,47,105,3
46,BBFF,2018-04-13,2018-04-26,2018-08-03,2018-09-15,2018-09-16,13,156,112,155,99,43,1
47,LifeStyle,2018-03-24,2018-04-23,2018-08-09,2018-08-24,2018-09-24,30,184,138,153,108,15,31
49,BBFF,2018-04-09,2018-04-19,2018-08-23,2018-09-08,2018-09-09,10,153,136,152,126,16,1
50,BBFF,2018-02-06,2018-03-16,2018-04-02,2018-07-07,2018-07-09,38,153,55,151,17,96,2
51,BBFF,2018-03-09,2018-03-22,2018-05-23,2018-08-06,2018-08-25,13,169,75,150,62,75,19
52,BBFF,2018-03-23,2018-05-29,2018-07-19,2018-08-20,2018-09-01,67,162,118,150,51,32,12
54,BBFF,2018-03-24,2018-03-29,2018-08-18,2018-08-19,2018-08-23,5,152,147,148,142,1,4
55,BBFF,2018-03-29,2018-04-05,2018-07-12,2018-08-24,2018-08-26,7,150,105,148,98,43,2
56,BBFF,2018-04-06,2018-05-07,2018-08-29,2018-09-01,2018-09-05,31,152,145,148,114,3,4
59,BBFF,2018-03-23,2018-03-29,2018-04-13,2018-08-16,2018-08-19,6,149,21,146,15,125,3
60,LifeStyle,2018-04-26,2018-04-27,2018-06-13,2018-09-19,2018-10-09,1,166,48,146,47,98,20
61,BBFF,2018-01-23,2018-02-06,2018-05-29,2018-06-17,2018-06-19,14,147,126,145,112,19,2
62,LifeStyle,2018-03-23,2018-03-28,2018-05-16,2018-08-15,2018-08-15,5,145,54,145,49,91,0
63,LifeStyle,2018-04-27,2018-04-27,2018-06-18,2018-09-18,2018-09-19,0,145,52,144,52,92,1
64,BBFF,2018-05-20,2018-06-08,2018-10-08,2018-10-11,2018-10-17,19,150,141,144,122,3,6
65,BBFF,2018-03-28,2018-03-30,2018-05-03,2018-08-18,2018-08-18,2,143,36,143,34,107,0
67,LifeStyle,2018-04-28,2018-06-18,2018-07-06,2018-09-18,2018-09-18,51,143,69,143,18,74,0
68,BBFF,2018-05-09,2018-07-03,2018-07-09,2018-09-29,2018-09-29,55,143,61,143,6,82,0
69,LifeStyle,2018-03-05,2018-04-18,2018-03-19,2018-07-25,2018-07-24,44,141,14,142,-30,128,-1
70,LifeStyle,2018-04-09,2018-04-26,2018-08-02,2018-08-28,2018-08-29,17,142,115,141,98,26,1
73,BBFF,2018-04-20,2018-04-23,2018-09-04,2018-09-07,2018-09-06,3,139,137,140,134,3,-1
74,BBFF,2018-04-06,2018-04-23,2018-08-21,2018-08-23,2018-08-28,17,144,137,139,120,2,5
76,BBFF,2018-01-24,2018-02-06,2018-03-12,2018-06-09,2018-06-11,13,138,47,136,34,89,2
77,BBFF,2018-03-23,2018-03-28,2018-07-26,2018-08-06,2018-08-30,5,160,125,136,120,11,24
82,Electronic,2018-04-09,2018-05-23,2018-08-13,2018-08-20,2018-08-22,44,135,126,133,82,7,2
84,Electronic,2018-04-11,2018-05-23,2018-08-09,2018-08-20,2018-08-20,42,131,120,131,78,11,0
85,Electronic,2018-04-23,2018-04-24,2018-06-16,2018-09-01,2018-09-03,1,133,54,131,53,77,2
86,BBFF,2018-01-30,2018-03-14,2018-03-26,2018-06-09,2018-06-11,43,132,55,130,12,75,2
87,Electronic,2018-05-25,2018-05-29,2018-10-02,2018-10-02,2018-10-11,4,139,130,130,126,0,9
90,BBFF,2018-05-05,2018-06-22,2018-09-08,2018-09-10,2018-09-20,48,138,126,128,78,2,10
92,LifeStyle,2018-01-24,2018-03-06,2018-04-04,2018-05-30,2018-06-03,41,130,70,126,29,56,4
93,BBFF,2018-06-05,2018-08-29,2018-10-09,2018-10-09,2018-10-11,85,128,126,126,41,0,2
94,LifeStyle,2018-06-07,2018-07-17,2018-10-11,2018-10-11,2018-10-17,40,132,126,126,86,0,6
95,Electronic,2018-06-07,2018-06-11,2018-10-08,2018-10-11,2018-10-17,4,132,123,126,119,3,6
96,BBFF,2018-02-02,2018-03-13,2018-06-06,2018-06-07,2018-06-10,39,128,124,125,85,1,3
97,Electronic,2018-03-24,2018-03-28,2018-07-24,2018-07-27,2018-07-26,4,124,122,125,118,3,-1
99,BBFF,2018-05-10,2018-05-25,2018-09-07,2018-09-11,2018-09-11,15,124,120,124,105,4,0
101,LifeStyle,2018-05-24,2018-05-25,2018-05-26,2018-09-25,2018-09-25,1,124,2,124,1,122,0
102,Electronic,2018-04-27,2018-07-11,2018-05-03,2018-08-28,2018-09-28,75,154,6,123,-69,117,31
103,BBFF,2018-05-11,2018-05-15,2018-09-10,2018-09-11,2018-09-12,4,124,122,123,118,1,1
104,BBFF,2018-04-03,2018-04-19,2018-08-02,2018-08-03,2018-08-07,16,126,121,122,105,1,4
105,Book,2018-01-29,2018-04-09,2018-04-20,2018-05-30,2018-05-31,70,122,81,121,11,40,1
106,BBFF,2018-03-29,2018-03-30,2018-04-23,2018-07-28,2018-08-04,1,128,25,121,24,96,7
107,Electronic,2018-03-23,2018-03-29,2018-05-11,2018-07-21,2018-07-24,6,123,49,120,43,71,3
109,LifeStyle,2018-06-08,2018-06-25,2018-10-06,2018-10-06,2018-10-13,17,127,120,120,103,0,7
111,Electronic,2018-04-23,2018-06-18,2018-07-04,2018-08-20,2018-08-26,56,125,72,119,16,47,6
113,BBFF,2018-05-10,2018-06-27,2018-08-08,2018-09-06,2018-09-17,48,130,90,119,42,29,11
115,BBFF,2018-03-09,2018-04-18,2018-07-04,2018-07-05,2018-07-06,40,119,117,118,77,1,1
117,BBFF,2018-02-01,2018-03-07,2018-05-21,2018-05-29,2018-06-03,34,122,109,117,75,8,5
118,BBFF,2018-03-19,2018-04-23,2018-07-12,2018-07-14,2018-07-15,35,118,115,117,80,2,1
119,BBFF,2018-03-29,2018-06-15,2018-07-05,2018-07-24,2018-07-24,78,117,98,117,20,19,0
120,BBFF,2018-05-03,2018-05-07,2018-06-29,2018-08-28,2018-08-29,4,118,57,117,53,60,1
121,Electronic,2018-06-13,2018-08-24,2018-10-04,2018-10-08,2018-10-15,72,124,113,117,41,4,7
122,BBFF,2018-06-21,2018-07-06,2018-07-05,2018-10-16,2018-10-16,15,117,14,117,-1,103,0
123,LifeStyle,2018-01-09,2018-02-23,2018-05-03,2018-05-05,2018-05-05,45,116,114,116,69,2,0
124,LifeStyle,2018-05-05,2018-05-09,2018-08-28,2018-08-29,2018-08-28,4,115,115,116,111,1,-1
125,BBFF,2018-05-15,2018-05-17,2018-09-07,2018-09-08,2018-09-12,2,120,115,116,113,1,4
126,BBFF,2018-05-17,2018-06-28,2018-08-13,2018-09-10,2018-09-19,42,125,88,116,46,28,9
128,LifeStyle,2018-04-24,2018-05-24,2018-07-18,2018-08-17,2018-08-24,30,122,85,115,55,30,7
129,BBFF,2018-05-18,2018-05-23,2018-09-06,2018-09-10,2018-09-20,5,125,111,115,106,4,10
130,BBFF,2018-02-05,2018-04-18,2018-05-25,2018-05-30,2018-06-14,72,129,109,114,37,5,15
133,Book,2018-02-06,2018-03-05,2018-04-06,2018-05-30,2018-06-12,27,126,59,113,32,54,13
135,BBFF,2018-05-09,2018-07-31,2018-05-18,2018-08-29,2018-09-05,83,119,9,112,-74,103,7
136,BBFF,2018-05-03,2018-05-17,2018-06-04,2018-08-22,2018-08-23,14,112,32,111,18,79,1
137,Electronic,2018-05-05,2018-05-14,2018-08-20,2018-08-24,2018-08-28,9,115,107,111,98,4,4
138,LifeStyle,2018-06-06,2018-07-23,2018-09-22,2018-09-25,2018-09-27,47,113,108,111,61,3,2
139,BBFF,2018-06-15,2018-06-28,2018-09-25,2018-10-04,2018-10-05,13,112,102,111,89,9,1
140,LifeStyle,2018-02-05,2018-02-23,2018-02-10,2018-05-26,2018-05-27,18,111,5,110,-13,105,1
141,BBFF,2018-04-03,2018-04-19,2018-04-10,2018-07-22,2018-07-24,16,112,7,110,-9,103,2
142,BBFF,2018-06-20,2018-07-06,2018-07-18,2018-10-08,2018-10-10,16,112,28,110,12,82,2
143,LifeStyle,2018-06-21,2018-06-25,2018-08-01,2018-10-09,2018-10-09,4,110,41,110,37,69,0
144,BBFF,2018-03-05,2018-04-09,2018-04-27,2018-06-22,2018-06-26,35,113,53,109,18,56,4
145,LifeStyle,2018-04-11,2018-04-25,2018-07-24,2018-07-29,2018-08-09,14,120,104,109,90,5,11
146,LifeStyle,2018-03-23,2018-03-28,2018-06-22,2018-07-09,2018-08-05,5,135,91,108,86,17,27
147,BBFF,2018-04-22,2018-04-27,2018-08-07,2018-08-08,2018-09-04,5,135,107,108,102,1,27
149,LifeStyle,2018-05-02,2018-07-25,2018-05-10,2018-08-16,2018-09-23,84,144,8,106,-76,98,38
150,BBFF,2018-03-06,2018-04-13,2018-06-17,2018-06-19,2018-07-16,38,132,103,105,65,2,27
151,BBFF,2018-03-24,2018-03-28,2018-04-10,2018-07-06,2018-07-06,4,104,17,104,13,87,0
152,Electronic,2018-04-09,2018-04-23,2018-07-17,2018-07-22,2018-07-22,14,104,99,104,85,5,0
153,LifeStyle,2018-02-01,2018-03-26,2018-04-11,2018-05-15,2018-08-26,53,206,69,103,16,34,103
154,Book,2018-03-07,2018-04-19,2018-05-23,2018-06-17,2018-06-17,43,102,77,102,34,25,0
156,BBFF,2018-04-15,2018-04-21,2018-07-24,2018-07-26,2018-07-26,6,102,100,102,94,2,0
157,BBFF,2018-04-16,2018-04-20,2018-07-06,2018-07-27,2018-08-11,4,117,81,102,77,21,15
159,Electronic,2018-06-02,2018-06-06,2018-09-10,2018-09-12,2018-09-12,4,102,100,102,96,2,0
160,BBFF,2018-06-29,2018-08-24,2018-10-04,2018-10-09,2018-10-16,56,109,97,102,41,5,7
161,Digital Service,2018-04-27,2018-05-18,2018-08-03,2018-08-06,2018-08-15,21,110,98,101,77,3,9
162,LifeStyle,2018-01-29,2018-03-21,2018-04-05,2018-05-09,2018-05-16,51,107,66,100,15,34,7
163,BBFF,2018-02-01,2018-04-23,2018-05-04,2018-05-12,2018-05-13,81,101,92,100,11,8,1
164,BBFF,2018-03-23,2018-04-17,2018-06-28,2018-07-01,2018-07-11,25,110,97,100,72,3,10
165,BBFF,2018-03-24,2018-04-11,2018-06-10,2018-07-02,2018-07-07,18,105,78,100,60,22,5
166,BBFF,2018-01-25,2018-04-12,2018-05-03,2018-05-04,2018-05-07,77,102,98,99,21,1,3
167,Electronic,2018-02-07,2018-03-02,2018-03-03,2018-05-17,2018-08-11,23,185,24,99,1,75,86
168,BBFF,2018-03-07,2018-03-27,2018-04-10,2018-06-14,2018-06-14,20,99,34,99,14,65,0
169,BBFF,2018-03-27,2018-03-28,2018-04-02,2018-07-04,2018-07-05,1,100,6,99,5,93,1
170,Digital Service,2018-03-28,2018-06-22,2018-07-04,2018-07-05,2018-07-31,86,125,98,99,12,1,26
171,BBFF,2018-04-11,2018-04-13,2018-06-22,2018-07-19,2018-07-21,2,101,72,99,70,27,2
172,LifeStyle,2018-02-02,2018-04-27,2018-05-09,2018-05-11,2018-05-14,84,101,96,98,12,2,3
173,Electronic,2018-03-26,2018-03-29,2018-07-01,2018-07-02,2018-07-03,3,99,97,98,94,1,1
174,LifeStyle,2018-02-02,2018-03-02,2018-05-08,2018-05-09,2018-05-10,28,97,95,96,67,1,1
175,LifeStyle,2018-03-23,2018-03-28,2018-06-11,2018-06-27,2018-06-27,5,96,80,96,75,16,0
176,BBFF,2018-04-17,2018-06-27,2018-07-19,2018-07-22,2018-07-20,71,94,93,96,22,3,-2
177,BBFF,2018-04-17,2018-04-19,2018-07-21,2018-07-22,2018-08-09,2,114,95,96,93,1,18
178,BBFF,2018-04-03,2018-05-04,2018-07-06,2018-07-07,2018-07-07,31,95,94,95,63,1,0
179,BBFF,2018-04-13,2018-06-07,2018-07-17,2018-07-17,2018-08-08,55,117,95,95,40,0,22
180,BBFF,2018-04-06,2018-04-19,2018-06-29,2018-07-09,2018-07-10,13,95,84,94,71,10,1
181,BBFF,2018-06-11,2018-08-31,2018-09-13,2018-09-13,2018-10-05,81,116,94,94,13,0,22
182,LifeStyle,2018-01-07,2018-02-13,2018-03-30,2018-04-10,2018-04-12,37,95,82,93,45,11,2
183,LifeStyle,2018-04-05,2018-04-20,2018-05-04,2018-07-07,2018-07-10,15,96,29,93,14,64,3
184,Book,2018-04-20,2018-07-11,2018-06-18,2018-07-22,2018-07-17,82,88,59,93,-23,34,-5
185,Digital Service,2018-01-11,2018-03-26,2018-04-12,2018-04-13,2018-04-24,74,103,91,92,17,1,11
186,BBFF,2018-05-11,2018-06-27,2018-07-12,2018-08-11,2018-08-14,47,95,62,92,15,30,3
187,LifeStyle,2018-05-23,2018-05-23,2018-08-20,2018-08-23,2018-08-26,0,95,89,92,89,3,3
188,LifeStyle,2018-05-24,2018-05-28,2018-08-23,2018-08-24,2018-08-24,4,92,91,92,87,1,0
189,Electronic,2018-05-29,2018-05-30,2018-08-10,2018-08-29,2018-08-29,1,92,73,92,72,19,0
190,BBFF,2018-06-08,2018-07-16,2018-08-25,2018-09-08,2018-09-11,38,95,78,92,40,14,3
191,Digital Service,2018-07-02,2018-07-31,2018-10-01,2018-10-02,2018-10-03,29,93,91,92,62,1,1
192,LifeStyle,2018-07-04,2018-07-17,2018-09-24,2018-10-04,2018-10-05,13,93,82,92,69,10,1
193,Electronic,2018-02-02,2018-04-03,2018-05-03,2018-05-04,2018-05-26,60,113,90,91,30,1,22
194,BBFF,2018-04-05,2018-04-20,2018-07-04,2018-07-05,2018-09-23,15,171,90,91,75,1,80
196,LifeStyle,2018-06-07,2018-08-20,2018-08-24,2018-09-06,2018-09-10,74,95,78,91,4,13,4
197,BBFF,2018-03-24,2018-03-28,2018-06-13,2018-06-22,2018-06-24,4,92,81,90,77,9,2
198,BBFF,2018-04-23,2018-06-21,2018-07-16,2018-07-22,2018-07-23,59,91,84,90,25,6,1
199,BBFF,2018-05-15,2018-07-31,2018-08-08,2018-08-13,2018-08-13,77,90,85,90,8,5,0
200,BBFF,2018-05-17,2018-07-27,2018-07-27,2018-08-15,2018-08-14,71,89,71,90,0,19,-1
201,BBFF,2018-06-14,2018-08-24,2018-08-23,2018-09-12,2018-09-13,71,91,70,90,-1,20,1
203,BBFF,2018-05-28,2018-06-14,2018-08-08,2018-08-25,2018-08-24,17,88,72,89,55,17,-1
204,BBFF,2018-07-05,2018-09-10,2018-09-25,2018-10-02,2018-10-03,67,90,82,89,15,7,1
205,Book,2018-04-12,2018-04-21,2018-05-19,2018-07-09,2018-07-13,9,92,37,88,28,51,4
206,LifeStyle,2018-04-17,2018-06-27,2018-07-12,2018-07-14,2018-07-15,71,89,86,88,15,2,1
207,BBFF,2018-05-31,2018-06-07,2018-07-03,2018-08-27,2018-09-28,7,120,33,88,26,55,32
208,BBFF,2018-06-12,2018-07-04,2018-07-09,2018-09-08,2018-09-08,22,88,27,88,5,61,0
209,Electronic,2018-07-12,2018-08-16,2018-08-15,2018-10-08,2018-10-11,35,91,34,88,-1,54,3
210,BBFF,2018-01-30,2018-03-26,2018-03-26,2018-04-27,2018-04-28,55,88,55,87,0,32,1
211,BBFF,2018-03-22,2018-04-11,2018-06-14,2018-06-17,2018-10-13,20,205,84,87,64,3,118
212,BBFF,2018-04-03,2018-04-26,2018-06-26,2018-06-29,2018-06-28,23,86,84,87,61,3,-1
213,BBFF,2018-04-26,2018-04-26,2018-05-22,2018-07-22,2018-07-18,0,83,26,87,26,61,-4
214,LifeStyle,2018-05-11,2018-06-30,2018-07-03,2018-08-06,2018-08-14,50,95,53,87,3,34,8
215,Electronic,2018-05-15,2018-06-29,2018-05-31,2018-08-10,2018-08-19,45,96,16,87,-29,71,9
216,BBFF,2018-06-08,2018-08-22,2018-08-21,2018-09-03,2018-09-11,75,95,74,87,-1,13,8
217,BBFF,2018-07-13,2018-07-23,2018-09-18,2018-10-08,2018-10-08,10,87,67,87,57,20,0
218,BBFF,2018-01-30,2018-02-28,2018-04-13,2018-04-26,2018-05-02,29,92,73,86,44,13,6
219,LifeStyle,2018-03-23,2018-03-29,2018-05-31,2018-06-17,2018-07-14,6,113,69,86,63,17,27
220,BBFF,2018-03-23,2018-03-29,2018-06-04,2018-06-17,2018-06-15,6,84,73,86,67,13,-2
221,LifeStyle,2018-06-27,2018-07-17,2018-09-12,2018-09-21,2018-09-25,20,90,77,86,57,9,4
222,Book,2018-02-07,2018-03-05,2018-03-26,2018-05-03,2018-05-03,26,85,47,85,21,38,0
223,BBFF,2018-03-24,2018-03-28,2018-03-31,2018-06-17,2018-06-18,4,86,7,85,3,78,1
224,BBFF,2018-03-30,2018-04-12,2018-05-04,2018-06-23,2018-06-23,13,85,35,85,22,50,0
225,BBFF,2018-04-04,2018-04-27,2018-06-19,2018-06-28,2018-08-05,23,123,76,85,53,9,38
226,BBFF,2018-04-10,2018-04-13,2018-06-26,2018-07-04,2018-07-11,3,92,77,85,74,8,7
227,Electronic,2018-05-04,2018-05-15,2018-07-25,2018-07-28,2018-07-31,11,88,82,85,71,3,3
228,BBFF,2018-06-04,2018-06-12,2018-08-24,2018-08-28,2018-09-01,8,89,81,85,73,4,4
229,Electronic,2018-06-14,2018-06-27,2018-08-30,2018-09-07,2018-09-24,13,102,77,85,64,8,17
230,LifeStyle,2018-06-22,2018-09-10,2018-08-24,2018-09-15,2018-09-15,80,85,63,85,-17,22,0
231,LifeStyle,2018-06-25,2018-08-10,2018-08-08,2018-09-18,2018-10-13,46,110,44,85,-2,41,25
232,BBFF,2018-07-18,2018-08-23,2018-09-19,2018-10-11,2018-10-12,36,86,63,85,27,22,1
233,BBFF,2018-03-07,2018-04-13,2018-04-04,2018-05-30,2018-06-02,37,87,28,84,-9,56,3
234,BBFF,2018-04-04,2018-04-27,2018-06-19,2018-06-27,2018-07-09,23,96,76,84,53,8,12
235,BBFF,2018-04-12,2018-04-23,2018-07-03,2018-07-05,2018-08-23,11,133,82,84,71,2,49
236,BBFF,2018-05-15,2018-06-04,2018-07-20,2018-08-07,2018-09-19,20,127,66,84,46,18,43
237,BBFF,2018-06-14,2018-07-13,2018-07-11,2018-09-06,2018-09-08,29,86,27,84,-2,57,2
238,Digital Service,2018-06-14,2018-06-18,2018-06-15,2018-09-06,2018-09-07,4,85,1,84,-3,83,1
239,BBFF,2018-03-07,2018-03-26,2018-04-05,2018-05-29,2018-05-30,19,84,29,83,10,54,1
240,BBFF,2018-03-23,2018-04-16,2018-05-30,2018-06-14,2018-07-11,24,110,68,83,44,15,27
241,LifeStyle,2018-04-04,2018-06-04,2018-04-22,2018-06-26,2018-07-09,61,96,18,83,-43,65,13
242,BBFF,2018-04-20,2018-05-14,2018-05-02,2018-07-12,2018-07-12,24,83,12,83,-12,71,0
243,BBFF,2018-05-07,2018-05-11,2018-05-24,2018-07-29,2018-07-30,4,84,17,83,13,66,1
244,BBFF,2018-01-05,2018-03-14,2018-03-27,2018-03-28,2018-05-10,68,125,81,82,13,1,43
245,LifeStyle,2018-03-19,2018-04-09,2018-03-29,2018-06-09,2018-06-17,21,90,10,82,-11,72,8
246,BBFF,2018-03-23,2018-03-30,2018-04-10,2018-06-13,2018-06-13,7,82,18,82,11,64,0
247,LifeStyle,2018-04-26,2018-04-27,2018-07-12,2018-07-17,2018-08-10,1,106,77,82,76,5,24
248,LifeStyle,2018-05-25,2018-06-29,2018-07-16,2018-08-15,2018-08-15,35,82,52,82,17,30,0
249,Electronic,2018-04-27,2018-05-03,2018-05-22,2018-07-17,2018-09-08,6,134,25,81,19,56,53
250,Electronic,2018-05-24,2018-07-30,2018-08-01,2018-08-13,2018-09-19,67,118,69,81,2,12,37
251,Book,2018-06-29,2018-08-24,2018-08-21,2018-09-18,2018-09-19,56,82,53,81,-3,28,1
252,BBFF,2018-07-13,2018-07-23,2018-07-23,2018-10-02,2018-10-09,10,88,10,81,0,71,7
253,LifeStyle,2018-07-13,2018-07-13,2018-07-18,2018-10-02,2018-10-10,0,89,5,81,5,76,8
254,BBFF,2018-02-05,2018-03-28,2018-04-13,2018-04-26,2018-04-28,51,82,67,80,16,13,2
255,Digital Service,2018-04-04,2018-04-24,2018-06-20,2018-06-23,2018-08-09,20,127,77,80,57,3,47
256,LifeStyle,2018-04-10,2018-04-20,2018-06-28,2018-06-29,2018-07-06,10,87,79,80,69,1,7
257,BBFF,2018-04-16,2018-04-23,2018-05-08,2018-07-05,2018-07-09,7,84,22,80,15,58,4
258,BBFF,2018-05-03,2018-06-22,2018-05-03,2018-07-22,2018-07-27,50,85,0,80,-50,80,5
259,BBFF,2018-06-20,2018-08-30,2018-08-28,2018-09-08,2018-09-20,71,92,69,80,-2,11,12
260,BBFF,2018-06-20,2018-07-24,2018-07-31,2018-09-08,2018-09-13,34,85,41,80,7,39,5
261,BBFF,2018-07-23,2018-07-30,2018-10-06,2018-10-11,2018-10-18,7,87,75,80,68,5,7
262,LifeStyle,2018-04-23,2018-04-27,2018-07-10,2018-07-11,2018-07-13,4,81,78,79,74,1,2
263,BBFF,2018-05-04,2018-05-25,2018-06-13,2018-07-22,2018-07-19,21,76,40,79,19,39,-3
264,BBFF,2018-05-15,2018-06-11,2018-06-14,2018-08-02,2018-08-04,27,81,30,79,3,49,2
265,Book,2018-06-29,2018-07-27,2018-09-14,2018-09-16,2018-09-17,28,80,77,79,49,2,1
266,BBFF,2018-07-06,2018-08-06,2018-08-10,2018-09-23,2018-10-14,31,100,35,79,4,44,21
267,BBFF,2018-07-10,2018-07-12,2018-07-20,2018-09-27,2018-09-30,2,82,10,79,8,69,3
268,BBFF,2018-04-09,2018-04-20,2018-05-29,2018-06-26,2018-06-27,11,79,50,78,39,28,1
269,BBFF,2018-04-20,2018-04-20,2018-06-25,2018-07-07,2018-07-08,0,79,66,78,66,12,1
270,BBFF,2018-05-14,2018-07-17,2018-07-29,2018-07-31,2018-08-03,64,81,76,78,12,2,3
271,LifeStyle,2018-06-26,2018-07-27,2018-09-10,2018-09-12,2018-09-23,31,89,76,78,45,2,11
272,BBFF,2018-07-18,2018-07-27,2018-08-28,2018-10-04,2018-10-06,9,80,41,78,32,37,2
273,BBFF,2018-07-25,2018-08-21,2018-08-27,2018-10-11,2018-10-12,27,79,33,78,6,45,1
274,BBFF,2018-03-05,2018-03-26,2018-04-05,2018-05-21,2018-05-26,21,82,31,77,10,46,5
275,Electronic,2018-03-13,2018-04-20,2018-05-21,2018-05-29,2018-05-30,38,78,69,77,31,8,1
276,BBFF,2018-04-29,2018-05-14,2018-07-11,2018-07-15,2018-07-16,15,78,73,77,58,4,1
277,BBFF,2018-05-03,2018-06-07,2018-07-11,2018-07-19,2018-10-18,35,168,69,77,34,8,91
278,BBFF,2018-05-24,2018-08-10,2018-08-08,2018-08-09,2018-08-14,78,82,76,77,-2,1,5
279,LifeStyle,2018-06-07,2018-06-27,2018-08-22,2018-08-23,2018-08-26,20,80,76,77,56,1,3
280,BBFF,2018-06-08,2018-08-10,2018-06-22,2018-08-24,2018-08-24,63,77,14,77,-49,63,0
281,BBFF,2018-07-02,2018-09-17,2018-09-11,2018-09-17,2018-09-20,77,80,71,77,-6,6,3
282,BBFF,2018-07-26,2018-07-29,2018-08-20,2018-10-11,2018-10-16,3,82,25,77,22,52,5
283,Electronic,2018-03-28,2018-04-20,2018-06-02,2018-06-12,2018-06-15,23,79,66,76,43,10,3
284,BBFF,2018-03-22,2018-03-29,2018-04-04,2018-06-05,2018-06-15,7,85,13,75,6,62,10
285,BBFF,2018-03-23,2018-03-29,2018-06-05,2018-06-06,2018-06-06,6,75,74,75,68,1,0
286,Electronic,2018-04-06,2018-04-27,2018-04-09,2018-06-20,2018-06-26,21,81,3,75,-18,72,6
287,BBFF,2018-05-08,2018-05-14,2018-07-11,2018-07-22,2018-07-20,6,73,64,75,58,11,-2
288,BBFF,2018-05-08,2018-05-14,2018-07-16,2018-07-22,2018-07-21,6,74,69,75,63,6,-1
289,LifeStyle,2018-05-12,2018-07-12,2018-06-28,2018-07-26,2018-07-27,61,76,47,75,-14,28,1
290,BBFF,2018-06-03,2018-07-18,2018-08-16,2018-08-17,2018-08-16,45,74,74,75,29,1,-1
291,Book,2018-07-06,2018-07-11,2018-07-22,2018-09-19,2018-09-20,5,76,16,75,11,59,1
292,Electronic,2018-07-26,2018-08-21,2018-08-21,2018-10-09,2018-10-12,26,78,26,75,0,49,3
293,BBFF,2018-01-29,2018-03-07,2018-02-09,2018-04-13,2018-04-14,37,75,11,74,-26,63,1
294,BBFF,2018-03-24,2018-03-30,2018-06-05,2018-06-06,2018-06-12,6,80,73,74,67,1,6
295,Electronic,2018-05-09,2018-07-05,2018-07-19,2018-07-22,2018-07-31,57,83,71,74,14,3,9
296,BBFF,2018-05-14,2018-05-17,2018-06-15,2018-07-27,2018-07-26,3,73,32,74,29,42,-1
297,LifeStyle,2018-07-08,2018-07-26,2018-09-19,2018-09-20,2018-10-16,18,100,73,74,55,1,26
298,Digital Service,2018-01-30,2018-04-10,2018-04-10,2018-04-13,2018-05-15,70,105,70,73,0,3,32
299,Book,2018-03-23,2018-03-29,2018-05-21,2018-06-04,2018-06-04,6,73,59,73,53,14,0
300,BBFF,2018-03-30,2018-04-11,2018-05-11,2018-06-11,2018-06-12,12,74,42,73,30,31,1
301,LifeStyle,2018-04-27,2018-05-22,2018-07-06,2018-07-09,2018-08-07,25,102,70,73,45,3,29
302,BBFF,2018-05-16,2018-06-28,2018-07-03,2018-07-28,2018-08-04,43,80,48,73,5,25,7
303,Electronic,2018-05-20,2018-07-20,2018-07-13,2018-08-01,2018-08-03,61,75,54,73,-7,19,2
304,BBFF,2018-06-06,2018-08-17,2018-08-17,2018-08-18,2018-08-25,72,80,72,73,0,1,7
305,LifeStyle,2018-06-12,2018-06-27,2018-08-09,2018-08-24,2018-08-23,15,72,58,73,43,15,-1
306,BBFF,2018-06-14,2018-06-22,2018-08-24,2018-08-26,2018-08-30,8,77,71,73,63,2,4
307,Electronic,2018-06-19,2018-08-22,2018-08-22,2018-08-31,2018-09-15,64,88,64,73,0,9,15
308,BBFF,2018-06-29,2018-07-06,2018-08-01,2018-09-10,2018-09-11,7,74,33,73,26,40,1
309,Electronic,2018-03-19,2018-03-28,2018-05-16,2018-05-30,2018-06-03,9,76,58,72,49,14,4
310,BBFF,2018-03-29,2018-04-12,2018-04-09,2018-06-09,2018-06-11,14,74,11,72,-3,61,2
311,Electronic,2018-03-31,2018-04-17,2018-05-29,2018-06-11,2018-06-15,17,76,59,72,42,13,4
312,BBFF,2018-04-03,2018-05-03,2018-05-28,2018-06-14,2018-06-17,30,75,55,72,25,17,3
313,Book,2018-04-06,2018-04-13,2018-06-15,2018-06-17,2018-07-08,7,93,70,72,63,2,21
314,Book,2018-05-09,2018-07-16,2018-07-04,2018-07-20,2018-08-02,68,85,56,72,-12,16,13
315,BBFF,2018-05-09,2018-05-15,2018-05-24,2018-07-20,2018-09-08,6,122,15,72,9,57,50
316,Electronic,2018-06-06,2018-07-10,2018-08-14,2018-08-17,2018-08-17,34,72,69,72,35,3,0
317,BBFF,2018-06-12,2018-07-13,2018-08-22,2018-08-23,2018-10-09,31,119,71,72,40,1,47
318,BBFF,2018-04-09,2018-04-19,2018-05-18,2018-06-19,2018-07-10,10,92,39,71,29,32,21
319,BBFF,2018-04-10,2018-05-10,2018-06-15,2018-06-20,2018-06-23,30,74,66,71,36,5,3
320,LifeStyle,2018-04-17,2018-04-26,2018-05-14,2018-06-27,2018-07-08,9,82,27,71,18,44,11
321,BBFF,2018-05-02,2018-05-09,2018-07-09,2018-07-12,2018-07-12,7,71,68,71,61,3,0
322,BBFF,2018-05-16,2018-07-12,2018-07-19,2018-07-26,2018-07-28,57,73,64,71,7,7,2
323,BBFF,2018-05-17,2018-05-28,2018-05-22,2018-07-27,2018-07-27,11,71,5,71,-6,66,0
324,BBFF,2018-06-01,2018-06-06,2018-08-09,2018-08-11,2018-08-27,5,87,69,71,64,2,16
325,LifeStyle,2018-06-07,2018-06-11,2018-08-16,2018-08-17,2018-09-05,4,90,70,71,66,1,19
326,LifeStyle,2018-06-21,2018-06-30,2018-08-30,2018-08-31,2018-09-05,9,76,70,71,61,1,5
327,LifeStyle,2018-07-12,2018-09-11,2018-09-21,2018-09-21,2018-09-22,61,72,71,71,10,0,1
328,BBFF,2018-07-25,2018-07-26,2018-10-04,2018-10-04,2018-10-09,1,76,71,71,70,0,5
329,BBFF,2018-02-02,2018-03-13,2018-04-12,2018-04-13,2018-05-10,39,97,69,70,30,1,27
330,BBFF,2018-03-19,2018-04-18,2018-05-07,2018-05-28,2018-05-30,30,72,49,70,19,21,2
331,BBFF,2018-03-19,2018-03-30,2018-05-17,2018-05-28,2018-05-29,11,71,59,70,48,11,1
332,LifeStyle,2018-04-27,2018-06-13,2018-07-05,2018-07-06,2018-07-08,47,72,69,70,22,1,2
333,LifeStyle,2018-05-02,2018-06-06,2018-07-11,2018-07-11,2018-07-12,35,71,70,70,35,0,1
334,BBFF,2018-05-16,2018-05-22,2018-06-29,2018-07-25,2018-07-24,6,69,44,70,38,26,-1
335,BBFF,2018-05-18,2018-05-24,2018-07-24,2018-07-27,2018-07-28,6,71,67,70,61,3,1
336,Electronic,2018-05-20,2018-06-25,2018-07-27,2018-07-29,2018-08-04,36,76,68,70,32,2,6
337,BBFF,2018-05-21,2018-06-22,2018-07-23,2018-07-30,2018-08-18,32,89,63,70,31,7,19
338,Digital Service,2018-05-28,2018-07-23,2018-08-02,2018-08-06,2018-08-13,56,77,66,70,10,4,7
339,BBFF,2018-06-09,2018-07-30,2018-08-17,2018-08-18,2018-08-27,51,79,69,70,18,1,9
340,BBFF,2018-06-28,2018-06-30,2018-09-06,2018-09-06,2018-09-10,2,74,70,70,68,0,4
341,LifeStyle,2018-07-13,2018-10-04,2018-09-20,2018-09-21,2018-10-05,83,84,69,70,-14,1,14
342,BBFF,2018-02-01,2018-02-28,2018-04-06,2018-04-11,2018-07-11,27,160,64,69,37,5,91
343,Book,2018-03-22,2018-03-30,2018-06-01,2018-05-30,2018-06-01,8,71,71,69,63,-2,2
344,LifeStyle,2018-03-22,2018-03-30,2018-05-28,2018-05-30,2018-06-09,8,79,67,69,59,2,10
345,Electronic,2018-03-31,2018-05-24,2018-04-09,2018-06-08,2018-06-23,54,84,9,69,-45,60,15
346,BBFF,2018-04-17,2018-05-03,2018-06-23,2018-06-25,2018-07-07,16,81,67,69,51,2,12
347,BBFF,2018-05-09,2018-05-15,2018-05-15,2018-07-17,2018-07-22,6,74,6,69,0,63,5
348,Electronic,2018-05-14,2018-06-15,2018-07-12,2018-07-22,2018-07-23,32,70,59,69,27,10,1
349,LifeStyle,2018-05-14,2018-05-25,2018-07-18,2018-07-22,2018-07-29,11,76,65,69,54,4,7
350,LifeStyle,2018-05-18,2018-07-25,2018-07-25,2018-07-26,2018-09-11,68,116,68,69,0,1,47
351,BBFF,2018-05-18,2018-06-30,2018-07-11,2018-07-26,2018-07-30,43,73,54,69,11,15,4
352,LifeStyle,2018-05-25,2018-07-24,2018-08-01,2018-08-02,2018-08-02,60,69,68,69,8,1,0
353,LifeStyle,2018-06-12,2018-06-27,2018-08-15,2018-08-20,2018-09-11,15,91,64,69,49,5,22
354,LifeStyle,2018-06-12,2018-06-15,2018-06-13,2018-08-20,2018-08-21,3,70,1,69,-2,68,1
355,BBFF,2018-06-22,2018-06-30,2018-07-25,2018-08-30,2018-09-04,8,74,33,69,25,36,5
356,BBFF,2018-06-29,2018-08-16,2018-08-31,2018-09-06,2018-09-17,48,80,63,69,15,6,11
357,Book,2018-07-13,2018-09-17,2018-08-07,2018-09-20,2018-09-20,66,69,25,69,-41,44,0
358,LifeStyle,2018-08-02,2018-08-07,2018-10-08,2018-10-10,2018-10-17,5,76,67,69,62,2,7
359,BBFF,2018-03-23,2018-04-13,2018-05-23,2018-05-30,2018-05-30,21,68,61,68,40,7,0
360,LifeStyle,2018-03-23,2018-03-29,2018-03-28,2018-05-30,2018-06-02,6,71,5,68,-1,63,3
361,BBFF,2018-04-05,2018-04-13,2018-06-11,2018-06-12,2018-06-12,8,68,67,68,59,1,0
362,BBFF,2018-04-06,2018-04-20,2018-04-24,2018-06-13,2018-06-21,14,76,18,68,4,50,8
363,BBFF,2018-05-23,2018-06-12,2018-05-28,2018-07-30,2018-09-13,20,113,5,68,-15,63,45
364,Book,2018-05-24,2018-07-20,2018-07-20,2018-07-31,2018-07-30,57,67,57,68,0,11,-1
365,BBFF,2018-05-25,2018-07-20,2018-07-25,2018-08-01,2018-08-21,56,88,61,68,5,7,20
366,LifeStyle,2018-06-30,2018-07-16,2018-09-05,2018-09-06,2018-09-06,16,68,67,68,51,1,0
367,BBFF,2018-01-30,2018-02-08,2018-03-12,2018-04-07,2018-04-10,9,70,41,67,32,26,3
368,BBFF,2018-03-23,2018-03-30,2018-05-21,2018-05-29,2018-05-30,7,68,59,67,52,8,1
369,BBFF,2018-03-24,2018-04-13,2018-05-02,2018-05-30,2018-08-19,20,148,39,67,19,28,81
370,BBFF,2018-03-24,2018-03-28,2018-04-24,2018-05-30,2018-07-02,4,100,31,67,27,36,33
371,BBFF,2018-03-30,2018-04-11,2018-04-10,2018-06-05,2018-06-15,12,77,11,67,-1,56,10
372,Electronic,2018-04-06,2018-04-11,2018-06-11,2018-06-12,2018-06-30,5,85,66,67,61,1,18
373,BBFF,2018-05-01,2018-05-14,2018-05-29,2018-07-07,2018-07-02,13,62,28,67,15,39,-5
374,BBFF,2018-04-23,2018-04-24,2018-06-25,2018-06-28,2018-06-30,1,68,63,66,62,3,2
375,BBFF,2018-05-17,2018-05-23,2018-07-18,2018-07-22,2018-07-19,6,63,62,66,56,4,-3
376,BBFF,2018-05-18,2018-05-21,2018-07-20,2018-07-23,2018-08-05,3,79,63,66,60,3,13
377,BBFF,2018-06-11,2018-07-13,2018-07-26,2018-08-16,2018-08-18,32,68,45,66,13,21,2
378,BBFF,2018-07-17,2018-07-24,2018-09-20,2018-09-21,2018-10-02,7,77,65,66,58,1,11
379,BBFF,2018-07-25,2018-07-31,2018-09-24,2018-09-29,2018-10-01,6,68,61,66,55,5,2
380,Digital Service,2018-01-25,2018-03-30,2018-03-28,2018-03-31,2018-03-31,64,65,62,65,-2,3,0
381,Electronic,2018-03-21,2018-04-16,2018-05-24,2018-05-25,2018-07-15,26,116,64,65,38,1,51
382,BBFF,2018-04-10,2018-04-23,2018-04-23,2018-06-14,2018-06-14,13,65,13,65,0,52,0
383,Electronic,2018-04-13,2018-06-21,2018-06-13,2018-06-17,2018-06-23,69,71,61,65,-8,4,6
384,BBFF,2018-04-13,2018-04-20,2018-06-13,2018-06-17,2018-06-15,7,63,61,65,54,4,-2
385,BBFF,2018-05-29,2018-06-26,2018-07-05,2018-08-02,2018-09-08,28,102,37,65,9,28,37
386,Electronic,2018-06-05,2018-06-26,2018-07-12,2018-08-09,2018-08-14,21,70,37,65,16,28,5
387,LifeStyle,2018-06-11,2018-07-30,2018-08-07,2018-08-15,2018-08-24,49,74,57,65,8,8,9
388,Book,2018-06-23,2018-07-26,2018-08-23,2018-08-27,2018-08-29,33,67,61,65,28,4,2
389,BBFF,2018-02-02,2018-03-26,2018-02-13,2018-04-07,2018-04-19,52,76,11,64,-41,53,12
390,LifeStyle,2018-03-01,2018-03-22,2018-03-20,2018-05-04,2018-05-09,21,69,19,64,-2,45,5
391,Book,2018-04-11,2018-04-27,2018-05-22,2018-06-14,2018-06-13,16,63,41,64,25,23,-1
392,LifeStyle,2018-04-14,2018-04-23,2018-06-13,2018-06-17,2018-06-21,9,68,60,64,51,4,4
393,BBFF,2018-04-17,2018-04-20,2018-05-25,2018-06-20,2018-07-04,3,78,38,64,35,26,14
394,BBFF,2018-04-21,2018-06-15,2018-06-19,2018-06-24,2018-07-01,55,71,59,64,4,5,7
395,BBFF,2018-05-02,2018-06-26,2018-06-26,2018-07-05,2018-07-19,55,78,55,64,0,9,14
396,LifeStyle,2018-05-19,2018-07-12,2018-07-17,2018-07-22,2018-07-31,54,73,59,64,5,5,9
397,BBFF,2018-06-11,2018-07-30,2018-08-07,2018-08-14,2018-09-30,49,111,57,64,8,7,47
398,BBFF,2018-08-05,2018-08-07,2018-10-08,2018-10-08,2018-10-11,2,67,64,64,62,0,3
399,BBFF,2018-08-07,2018-10-03,2018-08-28,2018-10-10,2018-10-18,57,72,21,64,-36,43,8
400,BBFF,2018-02-01,2018-02-28,2018-02-26,2018-04-05,2018-04-07,27,65,25,63,-2,38,2
401,Digital Service,2018-03-19,2018-04-18,2018-04-26,2018-05-21,2018-06-01,30,74,38,63,8,25,11
402,LifeStyle,2018-04-03,2018-05-07,2018-05-07,2018-06-05,2018-06-12,34,70,34,63,0,29,7
403,BBFF,2018-04-12,2018-04-27,2018-06-13,2018-06-14,2018-06-20,15,69,62,63,47,1,6
404,BBFF,2018-04-26,2018-06-11,2018-06-14,2018-06-28,2018-07-15,46,80,49,63,3,14,17
405,BBFF,2018-04-27,2018-05-15,2018-05-31,2018-06-29,2018-06-29,18,63,34,63,16,29,0
406,BBFF,2018-04-27,2018-04-27,2018-06-26,2018-06-29,2018-06-29,0,63,60,63,60,3,0
407,Electronic,2018-05-23,2018-05-31,2018-07-18,2018-07-25,2018-07-25,8,63,56,63,48,7,0
408,LifeStyle,2018-06-07,2018-06-20,2018-06-08,2018-08-09,2018-08-19,13,73,1,63,-12,62,10
409,LifeStyle,2018-06-13,2018-06-30,2018-07-12,2018-08-15,2018-08-17,17,65,29,63,12,34,2
410,Digital Service,2018-06-27,2018-08-01,2018-07-31,2018-08-29,2018-09-17,35,82,34,63,-1,29,19
411,BBFF,2018-03-23,2018-03-28,2018-05-02,2018-05-24,2018-05-29,5,67,40,62,35,22,5
412,LifeStyle,2018-03-28,2018-03-28,2018-04-04,2018-05-29,2018-06-16,0,80,7,62,7,55,18
413,BBFF,2018-04-10,2018-04-27,2018-05-25,2018-06-11,2018-08-17,17,129,45,62,28,17,67
414,BBFF,2018-04-10,2018-04-26,2018-05-23,2018-06-11,2018-06-15,16,66,43,62,27,19,4
415,LifeStyle,2018-04-20,2018-04-24,2018-06-19,2018-06-21,2018-06-28,4,69,60,62,56,2,7
416,LifeStyle,2018-04-24,2018-04-27,2018-06-22,2018-06-25,2018-08-03,3,101,59,62,56,3,39
417,BBFF,2018-05-21,2018-06-08,2018-07-11,2018-07-22,2018-07-17,18,57,51,62,33,11,-5
418,BBFF,2018-05-21,2018-06-01,2018-06-19,2018-07-22,2018-07-20,11,60,29,62,18,33,-2
419,Electronic,2018-05-24,2018-07-23,2018-07-24,2018-07-25,2018-08-06,60,74,61,62,1,1,12
420,BBFF,2018-05-25,2018-06-06,2018-07-16,2018-07-26,2018-09-12,12,110,52,62,40,10,48
421,BBFF,2018-06-30,2018-07-20,2018-08-10,2018-08-31,2018-09-06,20,68,41,62,21,21,6
422,BBFF,2018-07-13,2018-08-03,2018-08-21,2018-09-13,2018-09-30,21,79,39,62,18,23,17
423,LifeStyle,2018-07-27,2018-07-28,2018-09-26,2018-09-27,2018-10-17,1,82,61,62,60,1,20
424,LifeStyle,2018-08-07,2018-08-23,2018-09-14,2018-10-08,2018-10-09,16,63,38,62,22,24,1
425,LifeStyle,2018-02-02,2018-03-02,2018-02-09,2018-04-04,2018-06-01,28,119,7,61,-21,54,58
426,LifeStyle,2018-03-23,2018-03-29,2018-04-26,2018-05-23,2018-05-22,6,60,34,61,28,27,-1
427,BBFF,2018-04-04,2018-05-14,2018-06-02,2018-06-04,2018-06-23,40,80,59,61,19,2,19
428,Digital Service,2018-04-05,2018-05-25,2018-06-04,2018-06-05,2018-07-26,50,112,60,61,10,1,51
429,LifeStyle,2018-04-27,2018-06-08,2018-05-02,2018-06-27,2018-06-28,42,62,5,61,-37,56,1
430,Book,2018-05-28,2018-06-19,2018-06-20,2018-07-28,2018-07-29,22,62,23,61,1,38,1
431,LifeStyle,2018-05-28,2018-05-30,2018-07-17,2018-07-28,2018-07-29,2,62,50,61,48,11,1
432,Electronic,2018-05-29,2018-07-18,2018-06-20,2018-07-29,2018-08-14,50,77,22,61,-28,39,16
433,BBFF,2018-08-10,2018-09-22,2018-10-09,2018-10-10,2018-10-18,43,69,60,61,17,1,8
434,BBFF,2018-02-01,2018-02-08,2018-03-12,2018-04-02,2018-04-12,7,70,39,60,32,21,10
435,BBFF,2018-02-05,2018-03-19,2018-03-26,2018-04-06,2018-04-09,42,63,49,60,7,11,3
436,Electronic,2018-03-24,2018-03-29,2018-05-21,2018-05-23,2018-06-01,5,69,58,60,53,2,9
437,Digital Service,2018-03-27,2018-04-18,2018-05-24,2018-05-26,2018-06-02,22,67,58,60,36,2,7
438,LifeStyle,2018-03-31,2018-04-12,2018-04-06,2018-05-30,2018-06-02,12,63,6,60,-6,54,3
439,BBFF,2018-04-14,2018-04-17,2018-06-12,2018-06-13,2018-08-10,3,118,59,60,56,1,58
440,BBFF,2018-04-20,2018-06-08,2018-06-05,2018-06-19,2018-06-18,49,59,46,60,-3,14,-1
441,LifeStyle,2018-04-20,2018-04-24,2018-05-15,2018-06-19,2018-06-20,4,61,25,60,21,35,1
442,LifeStyle,2018-04-23,2018-06-12,2018-06-12,2018-06-22,2018-07-05,50,73,50,60,0,10,13
443,BBFF,2018-05-23,2018-06-30,2018-07-19,2018-07-22,2018-07-21,38,59,57,60,19,3,-1
444,Book,2018-06-04,2018-07-05,2018-07-20,2018-08-03,2018-08-31,31,88,46,60,15,14,28
445,BBFF,2018-06-07,2018-07-30,2018-08-03,2018-08-06,2018-08-08,53,62,57,60,4,3,2
446,BBFF,2018-07-31,2018-08-06,2018-08-10,2018-09-29,2018-10-06,6,67,10,60,4,50,7
447,Electronic,2018-02-01,2018-02-13,2018-03-31,2018-04-01,2018-08-05,12,185,58,59,46,1,126
448,BBFF,2018-02-02,2018-03-11,2018-03-16,2018-04-02,2018-04-12,37,69,42,59,5,17,10
449,BBFF,2018-02-05,2018-03-02,2018-03-17,2018-04-05,2018-04-06,25,60,40,59,15,19,1
450,BBFF,2018-03-28,2018-03-29,2018-04-18,2018-05-26,2018-06-20,1,84,21,59,20,38,25
451,LifeStyle,2018-04-11,2018-04-27,2018-06-08,2018-06-09,2018-06-17,16,67,58,59,42,1,8
452,BBFF,2018-05-04,2018-06-27,2018-05-16,2018-07-02,2018-07-06,54,63,12,59,-42,47,4
453,BBFF,2018-05-21,2018-06-22,2018-07-14,2018-07-19,2018-07-29,32,69,54,59,22,5,10
454,BBFF,2018-05-24,2018-05-31,2018-07-17,2018-07-22,2018-07-24,7,61,54,59,47,5,2
455,Book,2018-05-24,2018-05-30,2018-07-17,2018-07-22,2018-07-20,6,57,54,59,48,5,-2
456,BBFF,2018-05-28,2018-06-22,2018-06-28,2018-07-26,2018-07-31,25,64,31,59,6,28,5
457,Digital Service,2018-06-04,2018-07-20,2018-07-31,2018-08-02,2018-08-29,46,86,57,59,11,2,27
458,BBFF,2018-06-12,2018-06-25,2018-07-16,2018-08-10,2018-08-17,13,66,34,59,21,25,7
459,BBFF,2018-06-16,2018-07-18,2018-07-17,2018-08-14,2018-08-14,32,59,31,59,-1,28,0
460,BBFF,2018-07-09,2018-08-06,2018-08-21,2018-09-06,2018-09-08,28,61,43,59,15,16,2
461,BBFF,2018-07-09,2018-08-02,2018-08-24,2018-09-06,2018-09-10,24,63,46,59,22,13,4
462,LifeStyle,2018-07-13,2018-07-27,2018-09-10,2018-09-10,2018-09-21,14,70,59,59,45,0,11
463,Book,2018-07-16,2018-08-13,2018-08-31,2018-09-13,2018-09-14,28,60,46,59,18,13,1
464,BBFF,2018-08-06,2018-08-27,2018-09-17,2018-10-04,2018-10-12,21,67,42,59,21,17,8
465,Electronic,2018-01-18,2018-03-02,2018-03-16,2018-03-17,2018-03-21,43,62,57,58,14,1,4
466,Electronic,2018-02-07,2018-03-05,2018-03-29,2018-04-06,2018-04-10,26,62,50,58,24,8,4
467,LifeStyle,2018-03-11,2018-04-18,2018-04-20,2018-05-08,2018-08-06,38,148,40,58,2,18,90
468,LifeStyle,2018-04-09,2018-04-20,2018-04-10,2018-06-06,2018-06-20,11,72,1,58,-10,57,14
469,BBFF,2018-05-25,2018-06-18,2018-07-19,2018-07-22,2018-07-21,24,57,55,58,31,3,-1
470,BBFF,2018-05-25,2018-06-06,2018-07-12,2018-07-22,2018-07-25,12,61,48,58,36,10,3
471,BBFF,2018-05-29,2018-07-13,2018-07-25,2018-07-26,2018-08-07,45,70,57,58,12,1,12
472,BBFF,2018-03-11,2018-03-19,2018-04-27,2018-05-07,2018-05-12,8,62,47,57,39,10,5
473,Electronic,2018-03-26,2018-03-30,2018-04-11,2018-05-22,2018-05-23,4,58,16,57,12,41,1
474,BBFF,2018-03-29,2018-04-17,2018-05-07,2018-05-25,2018-06-05,19,68,39,57,20,18,11
475,LifeStyle,2018-04-13,2018-04-19,2018-05-21,2018-06-09,2018-06-10,6,58,38,57,32,19,1
476,BBFF,2018-04-13,2018-04-17,2018-04-17,2018-06-09,2018-06-08,4,56,4,57,0,53,-1
477,Electronic,2018-04-21,2018-04-27,2018-06-16,2018-06-17,2018-07-21,6,91,56,57,50,1,34
478,BBFF,2018-05-07,2018-06-22,2018-05-28,2018-07-03,2018-07-04,46,58,21,57,-25,36,1
479,Electronic,2018-05-18,2018-05-18,2018-05-25,2018-07-14,2018-07-30,0,73,7,57,7,50,16
480,BBFF,2018-05-23,2018-06-26,2018-07-03,2018-07-19,2018-07-31,34,69,41,57,7,16,12
481,BBFF,2018-06-12,2018-07-26,2018-08-01,2018-08-08,2018-08-04,44,53,50,57,6,7,-4
482,LifeStyle,2018-06-20,2018-08-14,2018-07-20,2018-08-16,2018-10-02,55,104,30,57,-25,27,47
483,LifeStyle,2018-06-28,2018-08-13,2018-07-05,2018-08-24,2018-08-24,46,57,7,57,-39,50,0
484,BBFF,2018-07-09,2018-07-30,2018-08-31,2018-09-04,2018-09-05,21,58,53,57,32,4,1
485,BBFF,2018-07-31,2018-08-01,2018-08-14,2018-09-26,2018-09-28,1,59,14,57,13,43,2
486,BBFF,2018-01-29,2018-03-02,2018-02-05,2018-03-26,2018-03-30,32,60,7,56,-25,49,4
487,Electronic,2018-04-04,2018-04-12,2018-05-29,2018-05-30,2018-08-24,8,142,55,56,47,1,86
488,BBFF,2018-05-30,2018-07-18,2018-07-02,2018-07-25,2018-07-28,49,59,33,56,-16,23,3
489,LifeStyle,2018-06-26,2018-07-12,2018-08-15,2018-08-21,2018-08-23,16,58,50,56,34,6,2
490,BBFF,2018-07-13,2018-08-25,2018-08-31,2018-09-07,2018-09-11,43,60,49,56,6,7,4
491,BBFF,2018-07-18,2018-07-25,2018-09-11,2018-09-12,2018-09-12,7,56,55,56,48,1,0
492,Electronic,2018-07-18,2018-07-23,2018-09-10,2018-09-12,2018-09-17,5,61,54,56,49,2,5
493,BBFF,2018-07-20,2018-07-24,2018-09-12,2018-09-14,2018-09-16,4,58,54,56,50,2,2
494,LifeStyle,2018-02-01,2018-02-13,2018-03-27,2018-03-28,2018-10-04,12,245,54,55,42,1,190
495,BBFF,2018-04-12,2018-05-08,2018-05-31,2018-06-06,2018-06-20,26,69,49,55,23,6,14
496,LifeStyle,2018-04-20,2018-05-07,2018-06-01,2018-06-14,2018-07-29,17,100,42,55,25,13,45
497,BBFF,2018-05-18,2018-06-29,2018-07-10,2018-07-12,2018-07-14,42,57,53,55,11,2,2
498,BBFF,2018-05-31,2018-06-05,2018-06-09,2018-07-25,2018-07-24,5,54,9,55,4,46,-1
499,LifeStyle,2018-06-04,2018-07-19,2018-07-20,2018-07-29,2018-07-29,45,55,46,55,1,9,0
500,LifeStyle,2018-06-08,2018-07-26,2018-06-15,2018-08-02,2018-08-27,48,80,7,55,-41,48,25
501,BBFF,2018-06-15,2018-07-27,2018-07-27,2018-08-09,2018-08-08,42,54,42,55,0,13,-1
502,BBFF,2018-06-22,2018-07-25,2018-08-15,2018-08-16,2018-08-18,33,57,54,55,21,1,2
503,BBFF,2018-06-29,2018-07-16,2018-08-22,2018-08-23,2018-08-24,17,56,54,55,37,1,1
504,BBFF,2018-07-09,2018-07-25,2018-08-15,2018-09-02,2018-09-06,16,59,37,55,21,18,4
505,LifeStyle,2018-08-07,2018-08-31,2018-09-24,2018-10-01,2018-10-07,24,61,48,55,24,7,6
506,BBFF,2018-01-25,2018-02-02,2018-02-05,2018-03-20,2018-03-21,8,55,11,54,3,43,1
507,BBFF,2018-03-23,2018-03-30,2018-04-10,2018-05-16,2018-05-16,7,54,18,54,11,36,0
508,Electronic,2018-04-06,2018-04-18,2018-05-31,2018-05-30,2018-06-09,12,64,55,54,43,-1,10
509,LifeStyle,2018-04-16,2018-05-29,2018-06-08,2018-06-09,2018-06-21,43,66,53,54,10,1,12
510,LifeStyle,2018-04-27,2018-06-14,2018-06-19,2018-06-20,2018-07-18,48,82,53,54,5,1,28
511,BBFF,2018-05-17,2018-06-11,2018-07-05,2018-07-10,2018-07-20,25,64,49,54,24,5,10
512,BBFF,2018-08-22,2018-08-30,2018-08-23,2018-10-15,2018-10-16,8,55,1,54,-7,53,1
513,Electronic,2018-01-30,2018-02-09,2018-03-23,2018-03-24,2018-05-21,10,111,52,53,42,1,58
514,LifeStyle,2018-02-26,2018-03-06,2018-03-28,2018-04-20,2018-05-08,8,71,30,53,22,23,18
515,BBFF,2018-03-23,2018-03-28,2018-05-10,2018-05-15,2018-05-27,5,65,48,53,43,5,12
516,Digital Service,2018-03-31,2018-04-13,2018-05-22,2018-05-23,2018-06-01,13,62,52,53,39,1,9
517,LifeStyle,2018-04-17,2018-04-19,2018-04-19,2018-06-09,2018-06-20,2,64,2,53,0,51,11
518,LifeStyle,2018-04-21,2018-05-09,2018-04-27,2018-06-13,2018-06-16,18,56,6,53,-12,47,3
519,BBFF,2018-06-19,2018-08-13,2018-08-10,2018-08-11,2018-08-15,55,57,52,53,-3,1,4
520,LifeStyle,2018-03-15,2018-04-02,2018-04-26,2018-05-06,2018-05-06,18,52,42,52,24,10,0
521,Electronic,2018-03-24,2018-03-30,2018-05-09,2018-05-15,2018-06-05,6,73,46,52,40,6,21
522,BBFF,2018-03-31,2018-04-27,2018-05-17,2018-05-22,2018-06-03,27,64,47,52,20,5,12
523,BBFF,2018-05-02,2018-05-14,2018-06-09,2018-06-23,2018-07-20,12,79,38,52,26,14,27
524,BBFF,2018-05-08,2018-05-09,2018-06-28,2018-06-29,2018-07-07,1,60,51,52,50,1,8
525,LifeStyle,2018-05-29,2018-05-31,2018-06-15,2018-07-20,2018-07-21,2,53,17,52,15,35,1
526,BBFF,2018-06-06,2018-06-27,2018-07-24,2018-07-28,2018-08-07,21,62,48,52,27,4,10
527,BBFF,2018-06-08,2018-06-22,2018-07-26,2018-07-30,2018-08-09,14,62,48,52,34,4,10
528,BBFF,2018-06-28,2018-08-03,2018-08-09,2018-08-19,2018-08-21,36,54,42,52,6,10,2
529,BBFF,2018-06-28,2018-07-05,2018-08-17,2018-08-19,2018-09-04,7,68,50,52,43,2,16
530,LifeStyle,2018-06-29,2018-08-14,2018-08-15,2018-08-20,2018-08-30,46,62,47,52,1,5,10
531,BBFF,2018-07-10,2018-08-22,2018-08-23,2018-08-31,2018-09-01,43,53,44,52,1,8,1
532,BBFF,2018-07-21,2018-07-24,2018-08-01,2018-09-11,2018-09-11,3,52,11,52,8,41,0
533,BBFF,2018-07-31,2018-08-09,2018-08-16,2018-09-21,2018-10-04,9,65,16,52,7,36,13
534,Digital Service,2018-01-14,2018-03-05,2018-02-28,2018-03-06,2018-03-15,50,60,45,51,-5,6,9
535,BBFF,2018-01-23,2018-03-02,2018-02-08,2018-03-15,2018-05-09,38,106,16,51,-22,35,55
536,Digital Service,2018-04-04,2018-05-22,2018-04-17,2018-05-25,2018-06-01,48,58,13,51,-35,38,7
537,BBFF,2018-04-23,2018-05-02,2018-05-28,2018-06-13,2018-06-13,9,51,35,51,26,16,0
538,BBFF,2018-05-09,2018-06-20,2018-06-22,2018-06-29,2018-07-06,42,58,44,51,2,7,7
539,Digital Service,2018-05-16,2018-06-25,2018-06-29,2018-07-06,2018-09-08,40,115,44,51,4,7,64
540,Electronic,2018-05-16,2018-05-23,2018-07-05,2018-07-06,2018-07-05,7,50,50,51,43,1,-1
541,Electronic,2018-06-05,2018-06-22,2018-06-29,2018-07-26,2018-08-07,17,63,24,51,7,27,12
542,BBFF,2018-07-09,2018-08-01,2018-08-27,2018-08-29,2018-08-29,23,51,49,51,26,2,0
543,LifeStyle,2018-07-17,2018-08-08,2018-08-13,2018-09-06,2018-09-12,22,57,27,51,5,24,6
544,BBFF,2018-07-30,2018-08-09,2018-08-16,2018-09-19,2018-10-07,10,69,17,51,7,34,18
545,LifeStyle,2018-08-07,2018-09-14,2018-09-05,2018-09-27,2018-09-28,38,52,29,51,-9,22,1
546,BBFF,2018-08-21,2018-08-22,2018-10-11,2018-10-11,2018-10-12,1,52,51,51,50,0,1
547,LifeStyle,2018-01-10,2018-02-13,2018-02-01,2018-03-01,2018-03-22,34,71,22,50,-12,28,21
548,Electronic,2018-02-09,2018-03-07,2018-03-29,2018-03-31,2018-04-11,26,61,48,50,22,2,11
549,BBFF,2018-03-06,2018-03-27,2018-04-21,2018-04-25,2018-04-26,21,51,46,50,25,4,1
550,Book,2018-03-19,2018-04-18,2018-04-25,2018-05-08,2018-05-14,30,56,37,50,7,13,6
551,LifeStyle,2018-03-24,2018-04-05,2018-05-09,2018-05-13,2018-06-27,12,95,46,50,34,4,45
552,Digital Service,2018-03-27,2018-05-02,2018-05-10,2018-05-16,2018-08-09,36,135,44,50,8,6,85
553,BBFF,2018-03-27,2018-03-28,2018-04-17,2018-05-16,2018-05-17,1,51,21,50,20,29,1
554,BBFF,2018-03-28,2018-04-02,2018-04-24,2018-05-17,2018-05-23,5,56,27,50,22,23,6
555,LifeStyle,2018-04-03,2018-04-20,2018-04-03,2018-05-23,2018-06-27,17,85,0,50,-17,50,35
556,Digital Service,2018-04-03,2018-04-12,2018-05-18,2018-05-23,2018-06-03,9,61,45,50,36,5,11
557,BBFF,2018-04-05,2018-04-17,2018-05-22,2018-05-25,2018-05-31,12,56,47,50,35,3,6
558,BBFF,2018-04-09,2018-04-27,2018-05-28,2018-05-29,2018-05-29,18,50,49,50,31,1,0
559,Electronic,2018-04-16,2018-04-27,2018-05-29,2018-06-05,2018-06-12,11,57,43,50,32,7,7
560,BBFF,2018-05-07,2018-05-11,2018-06-20,2018-06-26,2018-06-26,4,50,44,50,40,6,0
561,Digital Service,2018-05-14,2018-06-29,2018-06-04,2018-07-03,2018-08-16,46,94,21,50,-25,29,44
562,LifeStyle,2018-05-16,2018-05-30,2018-07-03,2018-07-05,2018-07-13,14,58,48,50,34,2,8
563,BBFF,2018-06-20,2018-06-27,2018-06-29,2018-08-09,2018-08-14,7,55,9,50,2,41,5
564,LifeStyle,2018-06-25,2018-07-12,2018-08-13,2018-08-14,2018-08-16,17,52,49,50,32,1,2
565,BBFF,2018-07-20,2018-08-31,2018-09-07,2018-09-08,2018-09-26,42,68,49,50,7,1,18
566,LifeStyle,2018-08-15,2018-08-21,2018-09-24,2018-10-04,2018-10-01,6,47,40,50,34,10,-3
567,BBFF,2018-08-21,2018-09-28,2018-09-10,2018-10-10,2018-10-11,38,51,20,50,-18,30,1
568,LifeStyle,2018-08-22,2018-09-07,2018-09-19,2018-10-11,2018-10-12,16,51,28,50,12,22,1
569,BBFF,2018-02-01,2018-03-19,2018-02-13,2018-03-22,2018-06-16,46,135,12,49,-34,37,86
570,BBFF,2018-03-23,2018-03-29,2018-04-13,2018-05-11,2018-05-14,6,52,21,49,15,28,3
571,LifeStyle,2018-03-23,2018-03-29,2018-04-23,2018-05-11,2018-05-15,6,53,31,49,25,18,4
572,BBFF,2018-03-24,2018-03-28,2018-04-17,2018-05-12,2018-05-14,4,51,24,49,20,25,2
573,BBFF,2018-04-17,2018-04-27,2018-06-04,2018-06-05,2018-07-01,10,75,48,49,38,1,26
574,BBFF,2018-05-08,2018-05-22,2018-06-18,2018-06-26,2018-06-27,14,50,41,49,27,8,1
575,LifeStyle,2018-05-16,2018-06-19,2018-06-22,2018-07-04,2018-07-12,34,57,37,49,3,12,8
576,BBFF,2018-05-16,2018-05-31,2018-06-27,2018-07-04,2018-07-17,15,62,42,49,27,7,13
577,BBFF,2018-05-24,2018-06-04,2018-06-30,2018-07-12,2018-07-20,11,57,37,49,26,12,8
578,LifeStyle,2018-06-14,2018-07-20,2018-07-25,2018-08-02,2018-08-11,36,58,41,49,5,8,9
579,BBFF,2018-06-14,2018-06-30,2018-07-12,2018-08-02,2018-08-05,16,52,28,49,12,21,3
580,BBFF,2018-06-14,2018-06-29,2018-07-12,2018-08-02,2018-08-08,15,55,28,49,13,21,6
581,BBFF,2018-06-19,2018-08-21,2018-08-06,2018-08-07,2018-08-30,63,72,48,49,-15,1,23
582,LifeStyle,2018-06-20,2018-06-30,2018-07-26,2018-08-08,2018-10-05,10,107,36,49,26,13,58
583,LifeStyle,2018-07-27,2018-07-28,2018-09-11,2018-09-14,2018-09-20,1,55,46,49,45,3,6
584,BBFF,2018-07-30,2018-08-15,2018-08-15,2018-09-17,2018-09-22,16,54,16,49,0,33,5
585,BBFF,2018-08-09,2018-08-27,2018-09-06,2018-09-27,2018-10-01,18,53,28,49,10,21,4
586,BBFF,2018-08-14,2018-08-16,2018-08-15,2018-10-02,2018-10-03,2,50,1,49,-1,48,1
587,BBFF,2018-08-16,2018-08-30,2018-10-04,2018-10-04,2018-10-12,14,57,49,49,35,0,8
588,BBFF,2018-01-30,2018-02-08,2018-03-06,2018-03-19,2018-03-16,9,45,35,48,26,13,-3
589,Electronic,2018-01-30,2018-02-07,2018-02-07,2018-03-19,2018-03-18,8,47,8,48,0,40,-1
590,Electronic,2018-03-09,2018-03-26,2018-04-24,2018-04-26,2018-04-27,17,49,46,48,29,2,1
591,BBFF,2018-03-24,2018-04-05,2018-03-29,2018-05-11,2018-05-21,12,58,5,48,-7,43,10
592,LifeStyle,2018-04-05,2018-05-10,2018-04-13,2018-05-23,2018-05-28,35,53,8,48,-27,40,5
593,LifeStyle,2018-04-05,2018-05-02,2018-04-09,2018-05-23,2018-05-31,27,56,4,48,-23,44,8
594,LifeStyle,2018-04-11,2018-04-16,2018-05-25,2018-05-29,2018-06-08,5,58,44,48,39,4,10
595,BBFF,2018-04-22,2018-05-08,2018-06-05,2018-06-09,2018-06-08,16,47,44,48,28,4,-1
596,BBFF,2018-05-08,2018-06-07,2018-06-19,2018-06-25,2018-06-28,30,51,42,48,12,6,3
597,BBFF,2018-05-08,2018-05-24,2018-06-15,2018-06-25,2018-06-28,16,51,38,48,22,10,3
598,BBFF,2018-05-10,2018-06-19,2018-06-25,2018-06-27,2018-07-03,40,54,46,48,6,2,6
599,Book,2018-05-24,2018-06-28,2018-06-29,2018-07-11,2018-07-20,35,57,36,48,1,12,9
600,BBFF,2018-05-31,2018-06-07,2018-07-06,2018-07-18,2018-07-20,7,50,36,48,29,12,2
601,BBFF,2018-06-04,2018-06-12,2018-07-11,2018-07-22,2018-07-26,8,52,37,48,29,11,4
602,LifeStyle,2018-06-11,2018-06-28,2018-07-12,2018-07-29,2018-08-07,17,57,31,48,14,17,9
603,BBFF,2018-06-14,2018-06-29,2018-07-21,2018-08-01,2018-08-01,15,48,37,48,22,11,0
604,BBFF,2018-06-19,2018-06-28,2018-07-04,2018-08-06,2018-08-07,9,49,15,48,6,33,1
605,LifeStyle,2018-06-21,2018-07-13,2018-07-09,2018-08-08,2018-08-09,22,49,18,48,-4,30,1
606,BBFF,2018-07-05,2018-07-24,2018-08-17,2018-08-22,2018-09-09,19,66,43,48,24,5,18
607,Book,2018-07-11,2018-08-16,2018-07-12,2018-08-28,2018-09-03,36,54,1,48,-35,47,6
608,BBFF,2018-02-02,2018-03-01,2018-02-13,2018-03-21,2018-03-27,27,53,11,47,-16,36,6
609,LifeStyle,2018-03-30,2018-05-10,2018-05-12,2018-05-16,2018-05-22,41,53,43,47,2,4,6
610,BBFF,2018-03-30,2018-04-12,2018-04-11,2018-05-16,2018-05-30,13,61,12,47,-1,35,14
611,BBFF,2018-04-13,2018-04-27,2018-05-03,2018-05-30,2018-06-12,14,60,20,47,6,27,13
612,LifeStyle,2018-04-18,2018-05-23,2018-05-31,2018-06-04,2018-07-20,35,93,43,47,8,4,46
613,BBFF,2018-05-19,2018-06-14,2018-07-02,2018-07-05,2018-07-07,26,49,44,47,18,3,2
614,LifeStyle,2018-05-21,2018-06-18,2018-07-06,2018-07-07,2018-07-11,28,51,46,47,18,1,4
615,LifeStyle,2018-05-21,2018-05-25,2018-07-06,2018-07-07,2018-07-24,4,64,46,47,42,1,17
616,BBFF,2018-05-23,2018-05-24,2018-06-28,2018-07-09,2018-07-17,1,55,36,47,35,11,8
617,Electronic,2018-05-24,2018-06-25,2018-06-26,2018-07-10,2018-08-01,32,69,33,47,1,14,22
618,BBFF,2018-06-17,2018-07-25,2018-06-20,2018-08-03,2018-08-05,38,49,3,47,-35,44,2
619,Electronic,2018-06-21,2018-06-29,2018-08-03,2018-08-07,2018-08-08,8,48,43,47,35,4,1
620,Digital Service,2018-07-06,2018-08-08,2018-08-18,2018-08-22,2018-08-22,33,47,43,47,10,4,0
621,BBFF,2018-07-26,2018-07-27,2018-08-02,2018-09-11,2018-09-11,1,47,7,47,6,40,0
622,Electronic,2018-08-02,2018-08-07,2018-08-10,2018-09-18,2018-09-20,5,49,8,47,3,39,2
623,BBFF,2018-08-13,2018-08-21,2018-09-04,2018-09-29,2018-09-28,8,46,22,47,14,25,-1
624,Electronic,2018-08-18,2018-09-18,2018-09-10,2018-10-04,2018-10-06,31,49,23,47,-8,24,2
625,BBFF,2018-01-24,2018-02-28,2018-02-02,2018-03-11,2018-03-16,35,51,9,46,-26,37,5
626,BBFF,2018-02-01,2018-03-13,2018-02-05,2018-03-19,2018-03-17,40,44,4,46,-36,42,-2
627,Digital Service,2018-03-20,2018-04-24,2018-05-04,2018-05-05,2018-05-18,35,59,45,46,10,1,13
628,BBFF,2018-03-20,2018-04-05,2018-04-26,2018-05-05,2018-05-08,16,49,37,46,21,9,3
629,BBFF,2018-03-27,2018-05-04,2018-05-09,2018-05-12,2018-05-29,38,63,43,46,5,3,17
630,LifeStyle,2018-03-30,2018-05-04,2018-05-11,2018-05-15,2018-06-18,35,80,42,46,7,4,34
631,BBFF,2018-03-31,2018-04-11,2018-04-23,2018-05-16,2018-05-17,11,47,23,46,12,23,1
632,Electronic,2018-04-04,2018-04-20,2018-04-11,2018-05-20,2018-06-11,16,68,7,46,-9,39,22
633,Electronic,2018-04-21,2018-04-25,2018-06-05,2018-06-06,2018-06-15,4,55,45,46,41,1,9
634,Book,2018-04-27,2018-05-04,2018-06-11,2018-06-12,2018-07-13,7,77,45,46,38,1,31
635,LifeStyle,2018-05-02,2018-06-13,2018-05-16,2018-06-17,2018-09-18,42,139,14,46,-28,32,93
636,BBFF,2018-05-12,2018-05-30,2018-06-06,2018-06-27,2018-06-26,18,45,25,46,7,21,-1
637,LifeStyle,2018-06-07,2018-06-27,2018-07-19,2018-07-23,2018-07-29,20,52,42,46,22,4,6
638,Electronic,2018-07-06,2018-07-26,2018-08-07,2018-08-21,2018-08-22,20,47,32,46,12,14,1
639,BBFF,2018-07-17,2018-08-13,2018-08-17,2018-09-01,2018-09-03,27,48,31,46,4,15,2
640,BBFF,2018-07-26,2018-09-10,2018-09-10,2018-09-10,2018-10-18,46,84,46,46,0,0,38
641,BBFF,2018-07-26,2018-07-29,2018-08-07,2018-09-10,2018-09-12,3,48,12,46,9,34,2
642,BBFF,2018-07-26,2018-07-28,2018-08-31,2018-09-10,2018-09-23,2,59,36,46,34,10,13
643,BBFF,2018-08-17,2018-08-22,2018-09-19,2018-10-02,2018-10-06,5,50,33,46,28,13,4
644,BBFF,2018-08-29,2018-08-29,2018-09-11,2018-10-14,2018-10-16,0,48,13,46,13,33,2
645,LifeStyle,2018-08-30,2018-08-30,2018-09-21,2018-10-15,2018-10-16,0,47,22,46,22,24,1
646,BBFF,2018-03-24,2018-03-29,2018-04-24,2018-05-08,2018-05-09,5,46,31,45,26,14,1
647,Book,2018-03-27,2018-04-05,2018-05-09,2018-05-11,2018-05-11,9,45,43,45,34,2,0
648,BBFF,2018-04-04,2018-04-13,2018-05-17,2018-05-19,2018-06-03,9,60,43,45,34,2,15
649,BBFF,2018-04-06,2018-05-15,2018-05-18,2018-05-21,2018-06-19,39,74,42,45,3,3,29
650,BBFF,2018-04-09,2018-04-23,2018-05-23,2018-05-24,2018-05-26,14,47,44,45,30,1,2
651,Book,2018-04-11,2018-05-08,2018-04-16,2018-05-26,2018-05-31,27,50,5,45,-22,40,5
652,BBFF,2018-05-03,2018-05-07,2018-06-15,2018-06-17,2018-06-16,4,44,43,45,39,2,-1
653,Book,2018-05-07,2018-06-21,2018-06-20,2018-06-21,2018-06-21,45,45,44,45,-1,1,0
654,BBFF,2018-05-12,2018-05-30,2018-06-22,2018-06-26,2018-06-28,18,47,41,45,23,4,2
655,BBFF,2018-05-22,2018-05-30,2018-05-30,2018-07-06,2018-07-24,8,63,8,45,0,37,18
656,LifeStyle,2018-06-16,2018-07-20,2018-07-30,2018-07-31,2018-07-31,34,45,44,45,10,1,0
657,BBFF,2018-06-25,2018-07-11,2018-08-01,2018-08-09,2018-09-09,16,76,37,45,21,8,31
658,BBFF,2018-06-28,2018-07-24,2018-08-04,2018-08-12,2018-08-11,26,44,37,45,11,8,-1
659,BBFF,2018-07-30,2018-08-10,2018-09-04,2018-09-13,2018-09-17,11,49,36,45,25,9,4
660,BBFF,2018-07-30,2018-08-09,2018-08-27,2018-09-13,2018-09-21,10,53,28,45,18,17,8
661,LifeStyle,2018-07-30,2018-08-09,2018-09-13,2018-09-13,2018-09-14,10,46,45,45,35,0,1
662,BBFF,2018-07-31,2018-08-08,2018-09-06,2018-09-14,2018-09-15,8,46,37,45,29,8,1
663,BBFF,2018-08-13,2018-08-14,2018-09-26,2018-09-27,2018-10-04,1,52,44,45,43,1,7
664,BBFF,2018-08-26,2018-08-31,2018-09-28,2018-10-10,2018-10-10,5,45,33,45,28,12,0
665,BBFF,2018-08-27,2018-09-13,2018-09-30,2018-10-11,2018-10-12,17,46,34,45,17,11,1
666,BBFF,2018-01-30,2018-02-28,2018-03-05,2018-03-15,2018-03-16,29,45,34,44,5,10,1
667,Electronic,2018-01-30,2018-02-05,2018-02-07,2018-03-15,2018-03-15,6,44,8,44,2,36,0
668,LifeStyle,2018-04-16,2018-05-21,2018-05-31,2018-05-30,2018-07-19,35,94,45,44,10,-1,50
669,Electronic,2018-04-16,2018-04-20,2018-05-14,2018-05-30,2018-06-01,4,46,28,44,24,16,2
670,Electronic,2018-05-04,2018-05-17,2018-06-14,2018-06-17,2018-06-28,13,55,41,44,28,3,11
671,Digital Service,2018-05-08,2018-06-19,2018-06-13,2018-06-21,2018-07-06,42,59,36,44,-6,8,15
672,BBFF,2018-05-09,2018-05-23,2018-06-21,2018-06-22,2018-06-26,14,48,43,44,29,1,4
673,Book,2018-05-18,2018-06-30,2018-06-18,2018-07-01,2018-07-05,43,48,31,44,-12,13,4
674,LifeStyle,2018-05-28,2018-05-29,2018-07-10,2018-07-11,2018-07-13,1,46,43,44,42,1,2
675,Electronic,2018-05-29,2018-06-05,2018-06-14,2018-07-12,2018-07-14,7,46,16,44,9,28,2
676,BBFF,2018-06-28,2018-07-19,2018-08-07,2018-08-11,2018-08-11,21,44,40,44,19,4,0
677,Electronic,2018-07-03,2018-08-13,2018-08-15,2018-08-16,2018-08-16,41,44,43,44,2,1,0
678,BBFF,2018-07-11,2018-07-26,2018-08-23,2018-08-24,2018-08-30,15,50,43,44,28,1,6
679,BBFF,2018-07-20,2018-08-03,2018-08-31,2018-09-02,2018-09-03,14,45,42,44,28,2,1
680,BBFF,2018-07-31,2018-08-01,2018-08-31,2018-09-13,2018-09-20,1,51,31,44,30,13,7
681,Book,2018-08-02,2018-08-22,2018-09-14,2018-09-15,2018-09-18,20,47,43,44,23,1,3
682,BBFF,2018-08-07,2018-08-29,2018-09-19,2018-09-20,2018-10-13,22,67,43,44,21,1,23
683,LifeStyle,2018-08-14,2018-08-24,2018-09-05,2018-09-27,2018-10-16,10,63,22,44,12,22,19
684,Book,2018-09-02,2018-09-10,2018-09-25,2018-10-16,2018-10-16,8,44,23,44,15,21,0
685,Digital Service,2018-01-29,2018-03-08,2018-03-06,2018-03-13,2018-03-21,38,51,36,43,-2,7,8
686,BBFF,2018-02-05,2018-03-06,2018-03-15,2018-03-20,2018-03-20,29,43,38,43,9,5,0
687,BBFF,2018-02-06,2018-03-13,2018-02-13,2018-03-21,2018-04-29,35,82,7,43,-28,36,39
688,BBFF,2018-03-06,2018-03-20,2018-03-08,2018-04-18,2018-04-18,14,43,2,43,-12,41,0
689,LifeStyle,2018-03-09,2018-04-09,2018-04-20,2018-04-21,2018-04-23,31,45,42,43,11,1,2
690,LifeStyle,2018-03-09,2018-03-27,2018-04-20,2018-04-21,2018-06-05,18,88,42,43,24,1,45
691,Electronic,2018-03-09,2018-03-21,2018-04-04,2018-04-21,2018-04-21,12,43,26,43,14,17,0
692,LifeStyle,2018-03-26,2018-03-29,2018-04-23,2018-05-08,2018-06-27,3,93,28,43,25,15,50
693,BBFF,2018-03-29,2018-03-30,2018-04-17,2018-05-11,2018-05-09,1,41,19,43,18,24,-2
694,BBFF,2018-03-30,2018-04-12,2018-05-03,2018-05-12,2018-05-17,13,48,34,43,21,9,5
695,Digital Service,2018-04-04,2018-05-16,2018-04-26,2018-05-17,2018-10-06,42,185,22,43,-20,21,142
696,Digital Service,2018-04-04,2018-04-18,2018-05-02,2018-05-17,2018-08-07,14,125,28,43,14,15,82
697,LifeStyle,2018-04-11,2018-05-03,2018-05-21,2018-05-24,2018-06-22,22,72,40,43,18,3,29
698,LifeStyle,2018-04-12,2018-04-18,2018-05-24,2018-05-25,2018-05-30,6,48,42,43,36,1,5
699,BBFF,2018-04-16,2018-05-03,2018-05-18,2018-05-29,2018-06-03,17,48,32,43,15,11,5
700,Electronic,2018-05-08,2018-05-25,2018-06-06,2018-06-20,2018-07-02,17,55,29,43,12,14,12
701,BBFF,2018-05-10,2018-05-11,2018-05-21,2018-06-22,2018-08-17,1,99,11,43,10,32,56
702,LifeStyle,2018-05-22,2018-06-11,2018-06-04,2018-07-04,2018-07-25,20,64,13,43,-7,30,21
703,BBFF,2018-05-22,2018-05-24,2018-06-29,2018-07-04,2018-07-03,2,42,38,43,36,5,-1
704,LifeStyle,2018-05-25,2018-07-02,2018-07-04,2018-07-07,2018-07-09,38,45,40,43,2,3,2
705,BBFF,2018-05-29,2018-06-08,2018-07-11,2018-07-11,2018-07-20,10,52,43,43,33,0,9
706,LifeStyle,2018-06-12,2018-06-25,2018-07-23,2018-07-25,2018-07-28,13,46,41,43,28,2,3
707,BBFF,2018-06-26,2018-08-01,2018-08-06,2018-08-08,2018-08-20,36,55,41,43,5,2,12
708,Electronic,2018-07-03,2018-07-31,2018-08-08,2018-08-15,2018-08-18,28,46,36,43,8,7,3
709,BBFF,2018-07-30,2018-08-29,2018-09-10,2018-09-11,2018-10-12,30,74,42,43,12,1,31
710,BBFF,2018-08-02,2018-08-20,2018-09-10,2018-09-14,2018-09-19,18,48,39,43,21,4,5
711,LifeStyle,2018-08-22,2018-08-31,2018-09-18,2018-10-04,2018-10-18,9,57,27,43,18,16,14
712,BBFF,2018-08-28,2018-08-31,2018-09-20,2018-10-10,2018-10-12,3,45,23,43,20,20,2
713,BBFF,2018-08-28,2018-08-29,2018-09-20,2018-10-10,2018-10-10,1,43,23,43,22,20,0
714,LifeStyle,2018-08-29,2018-08-29,2018-10-09,2018-10-11,2018-10-15,0,47,41,43,41,2,4
715,BBFF,2018-03-15,2018-04-16,2018-04-11,2018-04-26,2018-04-24,32,40,27,42,-5,15,-2
716,BBFF,2018-03-22,2018-04-12,2018-05-02,2018-05-03,2018-05-08,21,47,41,42,20,1,5
717,BBFF,2018-03-24,2018-03-29,2018-04-26,2018-05-05,2018-05-07,5,44,33,42,28,9,2
718,Digital Service,2018-03-27,2018-03-31,2018-05-04,2018-05-08,2018-09-20,4,177,38,42,34,4,135
719,BBFF,2018-04-10,2018-04-20,2018-05-18,2018-05-22,2018-05-23,10,43,38,42,28,4,1
720,BBFF,2018-04-11,2018-04-19,2018-04-26,2018-05-23,2018-06-08,8,58,15,42,7,27,16
721,BBFF,2018-04-11,2018-04-18,2018-05-15,2018-05-23,2018-05-23,7,42,34,42,27,8,0
722,BBFF,2018-04-23,2018-04-27,2018-05-24,2018-06-04,2018-06-09,4,47,31,42,27,11,5
723,LifeStyle,2018-04-24,2018-05-07,2018-06-04,2018-06-05,2018-06-06,13,43,41,42,28,1,1
724,LifeStyle,2018-05-22,2018-06-04,2018-06-29,2018-07-03,2018-07-02,13,41,38,42,25,4,-1
725,LifeStyle,2018-05-26,2018-06-19,2018-07-06,2018-07-07,2018-07-25,24,60,41,42,17,1,18
726,BBFF,2018-06-05,2018-06-25,2018-06-28,2018-07-17,2018-07-17,20,42,23,42,3,19,0
727,LifeStyle,2018-06-19,2018-08-03,2018-07-27,2018-07-31,2018-08-07,45,49,38,42,-7,4,7
728,LifeStyle,2018-06-30,2018-06-30,2018-07-31,2018-08-11,2018-08-16,0,47,31,42,31,11,5
729,BBFF,2018-07-03,2018-07-24,2018-08-03,2018-08-14,2018-08-21,21,49,31,42,10,11,7
730,BBFF,2018-07-09,2018-07-12,2018-08-16,2018-08-20,2018-09-06,3,59,38,42,35,4,17
731,BBFF,2018-07-11,2018-07-12,2018-07-20,2018-08-22,2018-09-10,1,61,9,42,8,33,19
732,BBFF,2018-07-30,2018-08-10,2018-08-29,2018-09-10,2018-09-11,11,43,30,42,19,12,1
733,BBFF,2018-08-02,2018-08-13,2018-09-13,2018-09-13,2018-09-14,11,43,42,42,31,0,1
734,BBFF,2018-08-02,2018-08-09,2018-09-06,2018-09-13,2018-09-20,7,49,35,42,28,7,7
735,BBFF,2018-08-05,2018-08-16,2018-08-29,2018-09-16,2018-10-09,11,65,24,42,13,18,23
736,Electronic,2018-08-18,2018-09-06,2018-09-24,2018-09-29,2018-10-05,19,48,37,42,18,5,6
737,BBFF,2018-08-23,2018-08-29,2018-09-10,2018-10-04,2018-10-04,6,42,18,42,12,24,0
738,BBFF,2018-02-01,2018-03-05,2018-02-07,2018-03-14,2018-03-16,32,43,6,41,-26,35,2
739,BBFF,2018-02-01,2018-03-01,2018-02-12,2018-03-14,2018-03-17,28,44,11,41,-17,30,3
740,LifeStyle,2018-02-09,2018-03-15,2018-03-15,2018-03-22,2018-03-28,34,47,34,41,0,7,6
741,Electronic,2018-02-09,2018-02-28,2018-03-15,2018-03-22,2018-03-23,19,42,34,41,15,7,1
742,BBFF,2018-03-01,2018-04-03,2018-03-05,2018-04-11,2018-04-24,33,54,4,41,-29,37,13
743,BBFF,2018-03-24,2018-03-29,2018-04-24,2018-05-04,2018-05-09,5,46,31,41,26,10,5
744,Book,2018-03-27,2018-03-28,2018-04-22,2018-05-07,2018-05-07,1,41,26,41,25,15,0
745,LifeStyle,2018-03-28,2018-03-30,2018-05-07,2018-05-08,2018-05-09,2,42,40,41,38,1,1
746,BBFF,2018-03-28,2018-03-29,2018-04-04,2018-05-08,2018-05-10,1,43,7,41,6,34,2
747,LifeStyle,2018-03-28,2018-03-29,2018-04-04,2018-05-08,2018-05-22,1,55,7,41,6,34,14
748,BBFF,2018-03-28,2018-03-29,2018-04-09,2018-05-08,2018-05-17,1,50,12,41,11,29,9
749,Electronic,2018-03-29,2018-04-05,2018-04-17,2018-05-09,2018-05-12,7,44,19,41,12,22,3
750,Electronic,2018-03-30,2018-04-12,2018-04-18,2018-05-10,2018-06-29,13,91,19,41,6,22,50
751,Electronic,2018-04-11,2018-04-19,2018-05-14,2018-05-22,2018-06-10,8,60,33,41,25,8,19
752,LifeStyle,2018-04-26,2018-04-27,2018-06-05,2018-06-06,2018-06-27,1,62,40,41,39,1,21
753,BBFF,2018-04-27,2018-04-27,2018-05-28,2018-06-07,2018-06-16,0,50,31,41,31,10,9
754,BBFF,2018-05-04,2018-05-18,2018-06-08,2018-06-14,2018-06-14,14,41,35,41,21,6,0
755,LifeStyle,2018-05-07,2018-05-30,2018-06-13,2018-06-17,2018-06-16,23,40,37,41,14,4,-1
756,BBFF,2018-05-08,2018-05-21,2018-06-05,2018-06-18,2018-06-23,13,46,28,41,15,13,5
757,LifeStyle,2018-05-13,2018-06-06,2018-06-22,2018-06-23,2018-06-25,24,43,40,41,16,1,2
758,BBFF,2018-05-22,2018-06-06,2018-06-25,2018-07-02,2018-07-27,15,66,34,41,19,7,25
759,Electronic,2018-05-24,2018-06-01,2018-06-28,2018-07-04,2018-07-05,8,42,35,41,27,6,1
760,BBFF,2018-05-25,2018-06-01,2018-07-04,2018-07-05,2018-08-13,7,80,40,41,33,1,39
761,BBFF,2018-06-06,2018-06-29,2018-06-13,2018-07-17,2018-08-04,23,59,7,41,-16,34,18
762,LifeStyle,2018-07-05,2018-07-18,2018-08-14,2018-08-15,2018-08-15,13,41,40,41,27,1,0
763,LifeStyle,2018-07-19,2018-08-27,2018-08-27,2018-08-29,2018-09-30,39,73,39,41,0,2,32
764,BBFF,2018-08-02,2018-08-15,2018-09-07,2018-09-12,2018-09-12,13,41,36,41,23,5,0
765,BBFF,2018-08-15,2018-08-20,2018-09-14,2018-09-25,2018-09-25,5,41,30,41,25,11,0
766,Electronic,2018-09-04,2018-09-10,2018-09-10,2018-10-15,2018-10-15,6,41,6,41,0,35,0
767,LifeStyle,2018-03-29,2018-04-05,2018-05-07,2018-05-08,2018-05-29,7,61,39,40,32,1,21
768,BBFF,2018-04-12,2018-04-23,2018-05-08,2018-05-22,2018-05-22,11,40,26,40,15,14,0
769,Book,2018-04-26,2018-05-31,2018-05-22,2018-06-05,2018-06-18,35,53,26,40,-9,14,13
770,LifeStyle,2018-05-11,2018-06-01,2018-06-19,2018-06-20,2018-07-02,21,52,39,40,18,1,12
771,LifeStyle,2018-05-16,2018-06-11,2018-05-31,2018-06-25,2018-08-07,26,83,15,40,-11,25,43
772,Digital Service,2018-05-25,2018-07-02,2018-07-02,2018-07-04,2018-07-05,38,41,38,40,0,2,1
773,BBFF,2018-06-13,2018-06-30,2018-07-19,2018-07-23,2018-07-30,17,47,36,40,19,4,7
774,Electronic,2018-06-15,2018-06-27,2018-07-18,2018-07-25,2018-07-25,12,40,33,40,21,7,0
775,BBFF,2018-07-19,2018-07-26,2018-08-27,2018-08-28,2018-10-03,7,76,39,40,32,1,36
776,BBFF,2018-08-09,2018-08-21,2018-09-17,2018-09-18,2018-09-21,12,43,39,40,27,1,3
777,BBFF,2018-01-29,2018-02-23,2018-03-06,2018-03-09,2018-03-11,25,41,36,39,11,3,2
778,LifeStyle,2018-02-08,2018-03-06,2018-03-13,2018-03-19,2018-03-21,26,41,33,39,7,6,2
779,BBFF,2018-03-05,2018-03-26,2018-04-03,2018-04-13,2018-04-13,21,39,29,39,8,10,0
780,BBFF,2018-03-27,2018-03-28,2018-05-04,2018-05-05,2018-05-09,1,43,38,39,37,1,4
781,Electronic,2018-04-03,2018-04-20,2018-04-06,2018-05-12,2018-05-14,17,41,3,39,-14,36,2
782,LifeStyle,2018-04-13,2018-04-24,2018-05-21,2018-05-22,2018-06-12,11,60,38,39,27,1,21
783,BBFF,2018-04-17,2018-04-19,2018-05-18,2018-05-26,2018-05-26,2,39,31,39,29,8,0
784,BBFF,2018-04-27,2018-06-21,2018-06-04,2018-06-05,2018-06-28,55,62,38,39,-17,1,23
785,LifeStyle,2018-05-23,2018-06-04,2018-06-26,2018-07-01,2018-07-06,12,44,34,39,22,5,5
786,BBFF,2018-05-24,2018-06-25,2018-06-26,2018-07-02,2018-07-02,32,39,33,39,1,6,0
787,BBFF,2018-06-13,2018-06-25,2018-06-30,2018-07-22,2018-07-18,12,35,17,39,5,22,-4
788,LifeStyle,2018-06-26,2018-07-30,2018-07-30,2018-08-04,2018-08-09,34,44,34,39,0,5,5
789,BBFF,2018-07-03,2018-07-16,2018-07-11,2018-08-11,2018-08-12,13,40,8,39,-5,31,1
790,BBFF,2018-07-10,2018-07-25,2018-07-30,2018-08-18,2018-08-27,15,48,20,39,5,19,9
791,LifeStyle,2018-08-03,2018-08-07,2018-08-30,2018-09-11,2018-09-23,4,51,27,39,23,12,12
792,BBFF,2018-08-23,2018-08-28,2018-09-10,2018-10-01,2018-10-09,5,47,18,39,13,21,8
793,Electronic,2018-08-25,2018-08-28,2018-08-28,2018-10-03,2018-10-08,3,44,3,39,0,36,5
794,BBFF,2018-08-27,2018-08-28,2018-10-01,2018-10-05,2018-10-10,1,44,35,39,34,4,5
795,Electronic,2018-08-30,2018-09-07,2018-09-25,2018-10-08,2018-10-08,8,39,26,39,18,13,0
796,LifeStyle,2018-01-24,2018-03-02,2018-02-06,2018-03-03,2018-04-08,37,74,13,38,-24,25,36
797,BBFF,2018-01-30,2018-02-22,2018-02-05,2018-03-09,2018-04-13,23,73,6,38,-17,32,35
798,BBFF,2018-01-30,2018-02-08,2018-03-02,2018-03-09,2018-03-19,9,48,31,38,22,7,10
799,BBFF,2018-02-02,2018-03-01,2018-03-01,2018-03-12,2018-04-18,27,75,27,38,0,11,37
800,LifeStyle,2018-03-28,2018-03-31,2018-04-09,2018-05-05,2018-05-20,3,53,12,38,9,26,15
801,BBFF,2018-04-04,2018-04-26,2018-04-09,2018-05-12,2018-05-24,22,50,5,38,-17,33,12
802,BBFF,2018-04-07,2018-04-20,2018-05-14,2018-05-15,2018-08-07,13,122,37,38,24,1,84
803,LifeStyle,2018-04-09,2018-04-16,2018-04-09,2018-05-17,2018-05-08,7,29,0,38,-7,38,-9
804,Digital Service,2018-05-07,2018-06-11,2018-06-13,2018-06-14,2018-07-04,35,58,37,38,2,1,20
805,BBFF,2018-05-10,2018-05-30,2018-06-16,2018-06-17,2018-06-16,20,37,37,38,17,1,-1
806,Electronic,2018-05-16,2018-06-18,2018-06-18,2018-06-23,2018-06-28,33,43,33,38,0,5,5
807,LifeStyle,2018-05-19,2018-06-13,2018-06-21,2018-06-26,2018-06-27,25,39,33,38,8,5,1
808,LifeStyle,2018-05-21,2018-06-06,2018-05-22,2018-06-28,2018-07-09,16,49,1,38,-15,37,11
809,Book,2018-06-14,2018-07-23,2018-07-12,2018-07-22,2018-07-23,39,39,28,38,-11,10,1
810,BBFF,2018-06-18,2018-06-29,2018-07-23,2018-07-26,2018-07-28,11,40,35,38,24,3,2
811,BBFF,2018-06-18,2018-06-22,2018-07-21,2018-07-26,2018-07-26,4,38,33,38,29,5,0
812,Digital Service,2018-06-26,2018-08-03,2018-08-01,2018-08-03,2018-09-18,38,84,36,38,-2,2,46
813,BBFF,2018-07-02,2018-07-11,2018-07-18,2018-08-09,2018-08-09,9,38,16,38,7,22,0
814,LifeStyle,2018-07-26,2018-08-22,2018-08-31,2018-09-02,2018-09-05,27,41,36,38,9,2,3
815,BBFF,2018-07-26,2018-07-30,2018-08-27,2018-09-02,2018-09-07,4,43,32,38,28,6,5
816,LifeStyle,2018-07-28,2018-07-31,2018-08-01,2018-09-04,2018-09-04,3,38,4,38,1,34,0
817,BBFF,2018-07-30,2018-08-17,2018-09-05,2018-09-06,2018-09-06,18,38,37,38,19,1,0
818,BBFF,2018-08-02,2018-09-05,2018-09-08,2018-09-09,2018-09-18,34,47,37,38,3,1,9
819,BBFF,2018-08-13,2018-08-22,2018-08-22,2018-09-20,2018-09-21,9,39,9,38,0,29,1
820,LifeStyle,2018-08-16,2018-08-17,2018-09-22,2018-09-23,2018-10-05,1,50,37,38,36,1,12
821,BBFF,2018-08-24,2018-08-28,2018-08-29,2018-10-01,2018-10-07,4,44,5,38,1,33,6
822,BBFF,2018-08-27,2018-08-31,2018-09-05,2018-10-04,2018-10-09,4,43,9,38,5,29,5
823,BBFF,2018-08-31,2018-08-31,2018-09-27,2018-10-08,2018-10-09,0,39,27,38,27,11,1
824,Digital Service,2018-09-07,2018-09-20,2018-09-25,2018-10-15,2018-10-18,13,41,18,38,5,20,3
825,BBFF,2018-09-07,2018-09-18,2018-10-03,2018-10-15,2018-10-16,11,39,26,38,15,12,1
826,LifeStyle,2018-01-29,2018-02-08,2018-02-27,2018-03-07,2018-03-07,10,37,29,37,19,8,0
827,BBFF,2018-02-05,2018-03-13,2018-03-02,2018-03-14,2018-03-15,36,38,25,37,-11,12,1
828,LifeStyle,2018-03-12,2018-04-12,2018-04-06,2018-04-18,2018-04-30,31,49,25,37,-6,12,12
829,BBFF,2018-03-20,2018-04-13,2018-04-09,2018-04-26,2018-04-23,24,34,20,37,-4,17,-3
830,Electronic,2018-03-22,2018-04-05,2018-04-27,2018-04-28,2018-05-04,14,43,36,37,22,1,6
831,BBFF,2018-04-03,2018-05-03,2018-04-17,2018-05-10,2018-05-26,30,53,14,37,-16,23,16
832,Digital Service,2018-04-11,2018-05-14,2018-05-14,2018-05-18,2018-07-13,33,93,33,37,0,4,56
833,Book,2018-04-23,2018-05-11,2018-05-03,2018-05-30,2018-06-12,18,50,10,37,-8,27,13
834,BBFF,2018-04-30,2018-05-04,2018-06-01,2018-06-06,2018-06-08,4,39,32,37,28,5,2
835,LifeStyle,2018-05-03,2018-05-11,2018-05-15,2018-06-09,2018-06-08,8,36,12,37,4,25,-1
836,Book,2018-05-06,2018-06-05,2018-06-08,2018-06-12,2018-06-13,30,38,33,37,3,4,1
837,BBFF,2018-05-08,2018-06-14,2018-06-13,2018-06-14,2018-08-16,37,100,36,37,-1,1,63
838,BBFF,2018-05-11,2018-05-18,2018-06-15,2018-06-17,2018-06-20,7,40,35,37,28,2,3
839,BBFF,2018-05-21,2018-05-22,2018-06-15,2018-06-27,2018-06-28,1,38,25,37,24,12,1
840,BBFF,2018-06-19,2018-06-29,2018-07-20,2018-07-26,2018-07-25,10,36,31,37,21,6,-1
841,Book,2018-06-25,2018-07-11,2018-07-17,2018-08-01,2018-07-27,16,32,22,37,6,15,-5
842,LifeStyle,2018-06-25,2018-06-30,2018-07-27,2018-08-01,2018-08-01,5,37,32,37,27,5,0
843,LifeStyle,2018-08-11,2018-08-20,2018-08-15,2018-09-17,2018-09-20,9,40,4,37,-5,33,3
844,BBFF,2018-08-14,2018-08-29,2018-09-11,2018-09-20,2018-09-22,15,39,28,37,13,9,2
845,LifeStyle,2018-08-20,2018-08-29,2018-09-25,2018-09-26,2018-09-26,9,37,36,37,27,1,0
846,LifeStyle,2018-08-20,2018-08-23,2018-08-23,2018-09-26,2018-10-15,3,56,3,37,0,34,19
847,BBFF,2018-08-22,2018-08-24,2018-09-26,2018-09-28,2018-10-02,2,41,35,37,33,2,4
848,BBFF,2018-08-23,2018-08-24,2018-08-31,2018-09-29,2018-09-28,1,36,8,37,7,29,-1
849,BBFF,2018-01-24,2018-02-23,2018-02-05,2018-03-01,2018-02-28,30,35,12,36,-18,24,-1
850,BBFF,2018-02-26,2018-03-16,2018-03-07,2018-04-03,2018-04-04,18,37,9,36,-9,27,1
851,LifeStyle,2018-03-27,2018-03-29,2018-04-11,2018-05-02,2018-05-04,2,38,15,36,13,21,2
852,Digital Service,2018-04-12,2018-04-20,2018-05-15,2018-05-18,2018-07-26,8,105,33,36,25,3,69
853,BBFF,2018-05-02,2018-05-04,2018-05-21,2018-06-07,2018-06-14,2,43,19,36,17,17,7
854,BBFF,2018-05-14,2018-05-31,2018-05-24,2018-06-19,2018-07-06,17,53,10,36,-7,26,17
855,Book,2018-05-23,2018-06-25,2018-06-05,2018-06-28,2018-07-01,33,39,13,36,-20,23,3
856,BBFF,2018-06-06,2018-07-05,2018-06-21,2018-07-12,2018-07-12,29,36,15,36,-14,21,0
857,Book,2018-06-07,2018-07-10,2018-07-11,2018-07-13,2018-07-18,33,41,34,36,1,2,5
858,BBFF,2018-06-23,2018-07-13,2018-07-13,2018-07-29,2018-08-02,20,40,20,36,0,16,4
859,BBFF,2018-07-04,2018-07-30,2018-07-17,2018-08-09,2018-08-12,26,39,13,36,-13,23,3
860,BBFF,2018-07-17,2018-07-31,2018-08-13,2018-08-22,2018-08-23,14,37,27,36,13,9,1
861,BBFF,2018-07-18,2018-08-07,2018-08-14,2018-08-23,2018-08-23,20,36,27,36,7,9,0
862,BBFF,2018-07-19,2018-07-26,2018-08-23,2018-08-24,2018-08-26,7,38,35,36,28,1,2
863,Electronic,2018-07-20,2018-07-24,2018-08-23,2018-08-25,2018-09-14,4,56,34,36,30,2,20
864,BBFF,2018-07-24,2018-08-10,2018-08-22,2018-08-29,2018-09-05,17,43,29,36,12,7,7
865,BBFF,2018-07-24,2018-07-29,2018-08-14,2018-08-29,2018-08-29,5,36,21,36,16,15,0
866,BBFF,2018-08-07,2018-08-07,2018-08-11,2018-09-12,2018-09-11,0,35,4,36,4,32,-1
867,LifeStyle,2018-08-09,2018-09-14,2018-09-07,2018-09-14,2018-09-14,36,36,29,36,-7,7,0
868,LifeStyle,2018-08-16,2018-08-23,2018-09-14,2018-09-21,2018-10-17,7,62,29,36,22,7,26
869,BBFF,2018-08-22,2018-08-23,2018-09-14,2018-09-27,2018-10-03,1,42,23,36,22,13,6
870,BBFF,2018-08-27,2018-08-28,2018-09-28,2018-10-02,2018-10-11,1,45,32,36,31,4,9
871,BBFF,2018-08-29,2018-08-29,2018-09-06,2018-10-04,2018-10-09,0,41,8,36,8,28,5
872,BBFF,2018-09-10,2018-09-14,2018-09-28,2018-10-16,2018-10-17,4,37,18,36,14,18,1
873,BBFF,2018-01-29,2018-02-23,2018-02-07,2018-03-05,2018-03-05,25,35,9,35,-16,26,0
874,LifeStyle,2018-02-01,2018-02-13,2018-02-27,2018-03-08,2018-03-08,12,35,26,35,14,9,0
875,Electronic,2018-03-24,2018-03-28,2018-04-04,2018-04-28,2018-05-01,4,38,11,35,7,24,3
876,LifeStyle,2018-04-06,2018-05-07,2018-05-08,2018-05-11,2018-05-31,31,55,32,35,1,3,20
877,LifeStyle,2018-04-11,2018-04-20,2018-05-10,2018-05-16,2018-06-20,9,70,29,35,20,6,35
878,Book,2018-04-12,2018-04-20,2018-05-14,2018-05-17,2018-06-02,8,51,32,35,24,3,16
879,Electronic,2018-04-13,2018-05-14,2018-04-23,2018-05-18,2018-06-23,31,71,10,35,-21,25,36
880,BBFF,2018-04-18,2018-05-15,2018-05-22,2018-05-23,2018-05-24,27,36,34,35,7,1,1
881,BBFF,2018-04-25,2018-06-20,2018-05-30,2018-05-30,2018-07-14,56,80,35,35,-21,0,45
882,BBFF,2018-05-01,2018-05-04,2018-05-31,2018-06-05,2018-07-22,3,82,30,35,27,5,47
883,LifeStyle,2018-05-04,2018-05-14,2018-05-20,2018-06-08,2018-06-12,10,39,16,35,6,19,4
884,BBFF,2018-05-10,2018-05-11,2018-05-25,2018-06-14,2018-06-14,1,35,15,35,14,20,0
885,BBFF,2018-05-10,2018-05-11,2018-06-12,2018-06-14,2018-06-24,1,45,33,35,32,2,10
886,Electronic,2018-05-18,2018-05-23,2018-06-21,2018-06-22,2018-06-23,5,36,34,35,29,1,1
887,BBFF,2018-05-24,2018-06-06,2018-06-21,2018-06-28,2018-06-29,13,36,28,35,15,7,1
888,BBFF,2018-05-30,2018-06-01,2018-07-01,2018-07-04,2018-07-10,2,41,32,35,30,3,6
889,LifeStyle,2018-06-06,2018-06-19,2018-06-21,2018-07-11,2018-07-14,13,38,15,35,2,20,3
890,BBFF,2018-06-19,2018-07-23,2018-07-20,2018-07-24,2018-08-03,34,45,31,35,-3,4,10
891,LifeStyle,2018-06-21,2018-07-25,2018-07-11,2018-07-26,2018-07-27,34,36,20,35,-14,15,1
892,BBFF,2018-06-25,2018-07-27,2018-07-27,2018-07-30,2018-09-01,32,68,32,35,0,3,33
893,BBFF,2018-07-10,2018-07-27,2018-08-07,2018-08-14,2018-09-07,17,59,28,35,11,7,24
894,BBFF,2018-07-17,2018-08-21,2018-08-14,2018-08-21,2018-09-08,35,53,28,35,-7,7,18
895,BBFF,2018-08-02,2018-08-07,2018-09-06,2018-09-06,2018-09-07,5,36,35,35,30,0,1
896,BBFF,2018-08-09,2018-08-21,2018-09-12,2018-09-13,2018-09-25,12,47,34,35,22,1,12
897,BBFF,2018-08-16,2018-08-22,2018-08-22,2018-09-20,2018-10-03,6,48,6,35,0,29,13
898,BBFF,2018-08-24,2018-09-01,2018-09-20,2018-09-28,2018-10-01,8,38,27,35,19,8,3
899,LifeStyle,2018-08-28,2018-08-29,2018-10-01,2018-10-02,2018-10-08,1,41,34,35,33,1,6
900,BBFF,2018-08-30,2018-08-30,2018-10-01,2018-10-04,2018-10-16,0,47,32,35,32,3,12
901,BBFF,2018-09-05,2018-09-12,2018-09-12,2018-10-10,2018-10-10,7,35,7,35,0,28,0
902,BBFF,2018-03-05,2018-03-27,2018-04-02,2018-04-08,2018-04-11,22,37,28,34,6,6,3
903,Electronic,2018-03-09,2018-03-26,2018-04-11,2018-04-12,2018-04-19,17,41,33,34,16,1,7
904,BBFF,2018-03-23,2018-03-28,2018-04-13,2018-04-26,2018-04-26,5,34,21,34,16,13,0
905,Digital Service,2018-04-19,2018-05-22,2018-05-08,2018-05-23,2018-06-01,33,43,19,34,-14,15,9
906,BBFF,2018-05-10,2018-06-19,2018-06-12,2018-06-13,2018-07-06,40,57,33,34,-7,1,23
907,BBFF,2018-05-14,2018-05-17,2018-05-31,2018-06-17,2018-08-06,3,84,17,34,14,17,50
908,BBFF,2018-05-16,2018-06-04,2018-06-18,2018-06-19,2018-06-24,19,39,33,34,14,1,5
909,LifeStyle,2018-05-30,2018-06-18,2018-07-02,2018-07-03,2018-07-08,19,39,33,34,14,1,5
910,BBFF,2018-06-05,2018-06-05,2018-07-06,2018-07-09,2018-07-09,0,34,31,34,31,3,0
911,BBFF,2018-06-18,2018-07-17,2018-07-09,2018-07-22,2018-07-20,29,32,21,34,-8,13,-2
912,BBFF,2018-07-10,2018-07-20,2018-08-09,2018-08-13,2018-10-12,10,94,30,34,20,4,60
913,Electronic,2018-07-17,2018-07-23,2018-07-26,2018-08-20,2018-08-23,6,37,9,34,3,25,3
914,Electronic,2018-07-18,2018-07-20,2018-07-23,2018-08-21,2018-09-09,2,53,5,34,3,29,19
915,BBFF,2018-07-19,2018-08-20,2018-08-16,2018-08-22,2018-09-12,32,55,28,34,-4,6,21
916,BBFF,2018-08-10,2018-08-21,2018-09-07,2018-09-13,2018-09-14,11,35,28,34,17,6,1
917,Book,2018-08-15,2018-08-25,2018-08-15,2018-09-18,2018-09-19,10,35,0,34,-10,34,1
918,LifeStyle,2018-08-15,2018-08-16,2018-08-15,2018-09-18,2018-09-18,1,34,0,34,-1,34,0
919,BBFF,2018-08-15,2018-08-16,2018-09-13,2018-09-18,2018-10-12,1,58,29,34,28,5,24
920,BBFF,2018-08-16,2018-08-20,2018-09-18,2018-09-19,2018-09-20,4,35,33,34,29,1,1
921,Book,2018-08-21,2018-08-30,2018-08-24,2018-09-24,2018-09-24,9,34,3,34,-6,31,0
922,BBFF,2018-08-24,2018-08-27,2018-09-19,2018-09-27,2018-09-28,3,35,26,34,23,8,1
923,Electronic,2018-02-28,2018-03-13,2018-03-26,2018-04-02,2018-04-02,13,33,26,33,13,7,0
924,BBFF,2018-03-05,2018-03-29,2018-03-28,2018-04-07,2018-04-09,24,35,23,33,-1,10,2
925,BBFF,2018-03-11,2018-03-27,2018-04-06,2018-04-13,2018-06-22,16,103,26,33,10,7,70
926,LifeStyle,2018-03-15,2018-04-11,2018-03-22,2018-04-17,2018-04-17,27,33,7,33,-20,26,0
927,LifeStyle,2018-03-15,2018-04-10,2018-04-06,2018-04-17,2018-04-19,26,35,22,33,-4,11,2
928,LifeStyle,2018-03-15,2018-04-02,2018-04-05,2018-04-17,2018-05-03,18,49,21,33,3,12,16
929,BBFF,2018-03-19,2018-03-30,2018-04-19,2018-04-21,2018-04-23,11,35,31,33,20,2,2
930,BBFF,2018-03-24,2018-03-29,2018-04-18,2018-04-26,2018-04-26,5,33,25,33,20,8,0
931,Digital Service,2018-03-24,2018-03-29,2018-04-19,2018-04-26,2018-04-30,5,37,26,33,21,7,4
932,Electronic,2018-03-24,2018-03-28,2018-04-18,2018-04-26,2018-04-23,4,30,25,33,21,8,-3
933,BBFF,2018-03-24,2018-03-28,2018-04-20,2018-04-26,2018-04-25,4,32,27,33,23,6,-1
934,Book,2018-04-05,2018-04-23,2018-04-16,2018-05-08,2018-05-10,18,35,11,33,-7,22,2
935,Digital Service,2018-04-12,2018-05-08,2018-05-08,2018-05-15,2018-05-31,26,49,26,33,0,7,16
936,Electronic,2018-04-12,2018-04-20,2018-05-03,2018-05-15,2018-07-25,8,104,21,33,13,12,71
937,Book,2018-04-20,2018-04-26,2018-05-22,2018-05-23,2018-06-09,6,50,32,33,26,1,17
938,Electronic,2018-04-26,2018-04-27,2018-05-07,2018-05-29,2018-06-09,1,44,11,33,10,22,11
939,LifeStyle,2018-04-26,2018-04-27,2018-05-29,2018-05-29,2018-05-31,1,35,33,33,32,0,2
940,BBFF,2018-04-27,2018-04-27,2018-05-31,2018-05-30,2018-06-20,0,54,34,33,34,-1,21
941,LifeStyle,2018-05-02,2018-05-07,2018-05-24,2018-06-04,2018-06-15,5,44,22,33,17,11,11
942,Book,2018-06-09,2018-06-11,2018-07-09,2018-07-12,2018-07-12,2,33,30,33,28,3,0
943,BBFF,2018-06-13,2018-07-12,2018-06-18,2018-07-16,2018-08-01,29,49,5,33,-24,28,16
944,BBFF,2018-06-19,2018-07-11,2018-07-06,2018-07-22,2018-07-20,22,31,17,33,-5,16,-2
945,BBFF,2018-06-21,2018-06-29,2018-07-13,2018-07-24,2018-07-24,8,33,22,33,14,11,0
946,LifeStyle,2018-07-01,2018-07-25,2018-07-31,2018-08-03,2018-08-03,24,33,30,33,6,3,0
947,BBFF,2018-07-04,2018-07-24,2018-08-06,2018-08-06,2018-09-18,20,76,33,33,13,0,43
948,BBFF,2018-07-13,2018-07-18,2018-07-26,2018-08-15,2018-08-16,5,34,13,33,8,20,1
949,Electronic,2018-07-27,2018-07-31,2018-08-27,2018-08-29,2018-09-16,4,51,31,33,27,2,18
950,BBFF,2018-08-17,2018-09-17,2018-09-18,2018-09-19,2018-09-23,31,37,32,33,1,1,4
951,BBFF,2018-08-27,2018-09-14,2018-09-28,2018-09-29,2018-10-01,18,35,32,33,14,1,2
952,BBFF,2018-08-31,2018-09-04,2018-09-30,2018-10-03,2018-10-02,4,32,30,33,26,3,-1
953,BBFF,2018-09-13,2018-09-26,2018-09-26,2018-10-16,2018-10-17,13,34,13,33,0,20,1
954,BBFF,2018-01-29,2018-02-23,2018-02-08,2018-03-02,2018-03-03,25,33,10,32,-15,22,1
955,Book,2018-01-29,2018-02-08,2018-02-10,2018-03-02,2018-03-02,10,32,12,32,2,20,0
956,LifeStyle,2018-01-29,2018-02-06,2018-02-09,2018-03-02,2018-09-11,8,225,11,32,3,21,193
957,LifeStyle,2018-01-30,2018-02-13,2018-02-09,2018-03-03,2018-04-25,14,85,10,32,-4,22,53
958,BBFF,2018-03-01,2018-03-15,2018-03-09,2018-04-02,2018-03-31,14,30,8,32,-6,24,-2
959,BBFF,2018-03-02,2018-03-20,2018-03-05,2018-04-03,2018-04-03,18,32,3,32,-15,29,0
960,LifeStyle,2018-04-10,2018-04-20,2018-04-26,2018-05-12,2018-07-08,10,89,16,32,6,16,57
961,Electronic,2018-04-20,2018-04-24,2018-05-17,2018-05-22,2018-05-23,4,33,27,32,23,5,1
962,Electronic,2018-05-16,2018-06-01,2018-06-09,2018-06-17,2018-06-16,16,31,24,32,8,8,-1
963,BBFF,2018-05-16,2018-05-18,2018-06-14,2018-06-17,2018-06-29,2,44,29,32,27,3,12
964,BBFF,2018-05-21,2018-06-04,2018-06-19,2018-06-22,2018-06-22,14,32,29,32,15,3,0
965,LifeStyle,2018-05-22,2018-07-18,2018-06-22,2018-06-23,2018-07-21,57,60,31,32,-26,1,28
966,BBFF,2018-05-22,2018-05-29,2018-06-22,2018-06-23,2018-10-03,7,134,31,32,24,1,102
967,BBFF,2018-06-02,2018-06-06,2018-07-02,2018-07-04,2018-09-22,4,112,30,32,26,2,80
968,BBFF,2018-06-02,2018-06-05,2018-06-29,2018-07-04,2018-07-08,3,36,27,32,24,5,4
969,BBFF,2018-06-09,2018-06-18,2018-07-05,2018-07-11,2018-07-12,9,33,26,32,17,6,1
970,BBFF,2018-06-14,2018-06-25,2018-07-12,2018-07-16,2018-07-18,11,34,28,32,17,4,2
971,LifeStyle,2018-06-20,2018-07-19,2018-07-20,2018-07-22,2018-07-24,29,34,30,32,1,2,2
972,BBFF,2018-06-20,2018-07-06,2018-07-17,2018-07-22,2018-07-19,16,29,27,32,11,5,-3
973,BBFF,2018-06-26,2018-07-12,2018-07-18,2018-07-28,2018-09-04,16,70,22,32,6,10,38
974,Digital Service,2018-07-09,2018-07-23,2018-07-18,2018-08-10,2018-08-10,14,32,9,32,-5,23,0
975,BBFF,2018-07-10,2018-07-16,2018-08-07,2018-08-11,2018-08-13,6,34,28,32,22,4,2
976,BBFF,2018-07-19,2018-07-23,2018-08-16,2018-08-20,2018-08-21,4,33,28,32,24,4,1
977,BBFF,2018-07-23,2018-07-28,2018-08-23,2018-08-24,2018-08-27,5,35,31,32,26,1,3
978,Digital Service,2018-07-27,2018-08-27,2018-08-24,2018-08-28,2018-09-10,31,45,28,32,-3,4,13
979,BBFF,2018-07-27,2018-07-30,2018-08-22,2018-08-28,2018-08-29,3,33,26,32,23,6,1
980,LifeStyle,2018-08-06,2018-08-14,2018-08-13,2018-09-07,2018-09-13,8,38,7,32,-1,25,6
981,BBFF,2018-08-16,2018-08-21,2018-08-31,2018-09-17,2018-09-17,5,32,15,32,10,17,0
982,BBFF,2018-08-17,2018-08-24,2018-08-31,2018-09-18,2018-09-20,7,34,14,32,7,18,2
983,BBFF,2018-08-18,2018-08-23,2018-09-17,2018-09-19,2018-09-23,5,36,30,32,25,2,4
984,LifeStyle,2018-08-20,2018-08-23,2018-08-22,2018-09-21,2018-10-01,3,42,2,32,-1,30,10
985,BBFF,2018-08-30,2018-08-30,2018-08-30,2018-10-01,2018-10-02,0,33,0,32,0,32,1
986,LifeStyle,2018-01-29,2018-02-13,2018-02-09,2018-03-01,2018-03-17,15,47,11,31,-4,20,16
987,BBFF,2018-01-29,2018-02-09,2018-02-06,2018-03-01,2018-02-26,11,28,8,31,-3,23,-3
988,BBFF,2018-01-29,2018-02-08,2018-02-08,2018-03-01,2018-02-26,10,28,10,31,0,21,-3
989,BBFF,2018-01-30,2018-02-06,2018-02-21,2018-03-02,2018-03-02,7,31,22,31,15,9,0
990,BBFF,2018-02-05,2018-02-22,2018-03-01,2018-03-08,2018-03-14,17,37,24,31,7,7,6
991,Electronic,2018-03-26,2018-03-29,2018-04-06,2018-04-26,2018-04-29,3,34,11,31,8,20,3
992,BBFF,2018-04-03,2018-04-20,2018-04-24,2018-05-04,2018-05-04,17,31,21,31,4,10,0
993,BBFF,2018-04-22,2018-05-10,2018-05-22,2018-05-23,2018-06-01,18,40,30,31,12,1,9
994,Digital Service,2018-04-23,2018-05-03,2018-05-22,2018-05-24,2018-06-18,10,56,29,31,19,2,25
995,LifeStyle,2018-05-08,2018-06-07,2018-06-01,2018-06-08,2018-09-12,30,127,24,31,-6,7,96
996,BBFF,2018-05-09,2018-05-18,2018-05-28,2018-06-09,2018-06-13,9,35,19,31,10,12,4
997,BBFF,2018-05-09,2018-05-16,2018-06-06,2018-06-09,2018-06-09,7,31,28,31,21,3,0
998,BBFF,2018-05-17,2018-05-21,2018-06-16,2018-06-17,2018-06-23,4,37,30,31,26,1,6
999,BBFF,2018-05-22,2018-06-11,2018-06-12,2018-06-22,2018-06-25,20,34,21,31,1,10,3
1000,Book,2018-05-23,2018-06-21,2018-06-22,2018-06-23,2018-07-05,29,43,30,31,1,1,12
1001,BBFF,2018-05-23,2018-06-13,2018-06-15,2018-06-23,2018-06-22,21,30,23,31,2,8,-1
1002,BBFF,2018-05-23,2018-05-30,2018-06-22,2018-06-23,2018-07-02,7,40,30,31,23,1,9
1003,BBFF,2018-05-28,2018-06-26,2018-06-25,2018-06-28,2018-07-03,29,36,28,31,-1,3,5
1004,Electronic,2018-06-10,2018-06-18,2018-07-09,2018-07-11,2018-07-21,8,41,29,31,21,2,10
1005,BBFF,2018-06-13,2018-06-30,2018-07-13,2018-07-14,2018-07-14,17,31,30,31,13,1,0
1006,BBFF,2018-06-21,2018-07-24,2018-07-03,2018-07-22,2018-07-30,33,39,12,31,-21,19,8
1007,BBFF,2018-06-21,2018-06-29,2018-07-11,2018-07-22,2018-07-20,8,29,20,31,12,11,-2
1008,BBFF,2018-06-21,2018-06-25,2018-07-11,2018-07-22,2018-07-29,4,38,20,31,16,11,7
1009,BBFF,2018-06-21,2018-06-25,2018-07-18,2018-07-22,2018-07-19,4,28,27,31,23,4,-3
1010,LifeStyle,2018-06-29,2018-07-13,2018-07-24,2018-07-30,2018-08-10,14,42,25,31,11,6,11
1011,BBFF,2018-07-29,2018-07-31,2018-08-28,2018-08-29,2018-08-29,2,31,30,31,28,1,0
1012,LifeStyle,2018-07-31,2018-08-08,2018-08-17,2018-08-31,2018-08-31,8,31,17,31,9,14,0
1013,BBFF,2018-08-06,2018-08-08,2018-08-16,2018-09-06,2018-09-25,2,50,10,31,8,21,19
1014,BBFF,2018-08-08,2018-08-24,2018-09-07,2018-09-08,2018-09-23,16,46,30,31,14,1,15
1015,LifeStyle,2018-08-15,2018-09-14,2018-08-16,2018-09-15,2018-09-18,30,34,1,31,-29,30,3
1016,BBFF,2018-08-15,2018-08-16,2018-08-16,2018-09-15,2018-09-27,1,43,1,31,0,30,12
1017,Electronic,2018-08-27,2018-08-29,2018-09-21,2018-09-27,2018-10-10,2,44,25,31,23,6,13
1018,BBFF,2018-08-29,2018-08-30,2018-09-05,2018-09-29,2018-10-02,1,34,7,31,6,24,3
1019,Book,2018-09-10,2018-09-13,2018-09-17,2018-10-11,2018-10-16,3,36,7,31,4,24,5
1020,BBFF,2018-09-14,2018-09-20,2018-10-04,2018-10-15,2018-10-17,6,33,20,31,14,11,2
1021,BBFF,2018-02-01,2018-03-02,2018-02-09,2018-03-03,2018-03-04,29,31,8,30,-21,22,1
1022,LifeStyle,2018-02-01,2018-03-01,2018-02-06,2018-03-03,2018-03-03,28,30,5,30,-23,25,0
1023,LifeStyle,2018-02-06,2018-02-26,2018-02-28,2018-03-08,2018-03-08,20,30,22,30,2,8,0
1024,Electronic,2018-03-27,2018-04-17,2018-04-06,2018-04-26,2018-04-30,21,34,10,30,-11,20,4
1025,BBFF,2018-03-28,2018-03-30,2018-04-17,2018-04-27,2018-04-28,2,31,20,30,18,10,1
1026,LifeStyle,2018-03-30,2018-04-13,2018-04-09,2018-04-29,2018-05-01,14,32,10,30,-4,20,2
1027,Book,2018-04-04,2018-04-23,2018-04-20,2018-05-04,2018-05-14,19,40,16,30,-3,14,10
1028,BBFF,2018-04-09,2018-04-16,2018-04-24,2018-05-09,2018-05-24,7,45,15,30,8,15,15
1029,LifeStyle,2018-04-19,2018-05-07,2018-05-18,2018-05-19,2018-05-27,18,38,29,30,11,1,8
1030,LifeStyle,2018-04-21,2018-04-27,2018-05-18,2018-05-21,2018-05-24,6,33,27,30,21,3,3
1031,BBFF,2018-04-26,2018-05-10,2018-05-24,2018-05-26,2018-05-25,14,29,28,30,14,2,-1
1032,LifeStyle,2018-04-26,2018-05-02,2018-05-25,2018-05-26,2018-06-09,6,44,29,30,23,1,14
1033,LifeStyle,2018-05-08,2018-05-22,2018-06-06,2018-06-07,2018-06-22,14,45,29,30,15,1,15
1034,LifeStyle,2018-05-08,2018-05-16,2018-06-06,2018-06-07,2018-06-12,8,35,29,30,21,1,5
1035,BBFF,2018-05-09,2018-05-15,2018-06-05,2018-06-08,2018-06-14,6,36,27,30,21,3,6
1036,LifeStyle,2018-05-20,2018-06-11,2018-05-24,2018-06-19,2018-06-20,22,31,4,30,-18,26,1
1037,Electronic,2018-05-26,2018-05-28,2018-05-31,2018-06-25,2018-06-26,2,31,5,30,3,25,1
1038,BBFF,2018-06-22,2018-07-10,2018-07-22,2018-07-22,2018-08-09,18,48,30,30,12,0,18
1039,LifeStyle,2018-06-22,2018-06-27,2018-07-18,2018-07-22,2018-07-23,5,31,26,30,21,4,1
1040,BBFF,2018-06-28,2018-07-17,2018-07-13,2018-07-28,2018-08-12,19,45,15,30,-4,15,15
1041,BBFF,2018-07-04,2018-07-27,2018-07-19,2018-08-03,2018-08-15,23,42,15,30,-8,15,12
1042,LifeStyle,2018-07-11,2018-07-25,2018-08-01,2018-08-10,2018-08-17,14,37,21,30,7,9,7
1043,Electronic,2018-07-16,2018-07-26,2018-07-27,2018-08-15,2018-09-04,10,50,11,30,1,19,20
1044,BBFF,2018-07-20,2018-08-10,2018-08-13,2018-08-19,2018-08-24,21,35,24,30,3,6,5
1045,BBFF,2018-08-01,2018-08-01,2018-08-07,2018-08-31,2018-09-03,0,33,6,30,6,24,3
1046,BBFF,2018-08-07,2018-08-25,2018-08-29,2018-09-06,2018-09-17,18,41,22,30,4,8,11
1047,BBFF,2018-08-07,2018-08-22,2018-08-27,2018-09-06,2018-09-06,15,30,20,30,5,10,0
1048,BBFF,2018-08-22,2018-08-29,2018-09-17,2018-09-21,2018-09-24,7,33,26,30,19,4,3
1049,BBFF,2018-09-04,2018-09-11,2018-09-24,2018-10-04,2018-10-10,7,36,20,30,13,10,6
1050,BBFF,2018-09-04,2018-09-10,2018-09-11,2018-10-04,2018-10-05,6,31,7,30,1,23,1
1051,LifeStyle,2018-09-04,2018-09-05,2018-10-03,2018-10-04,2018-10-14,1,40,29,30,28,1,10
1052,LifeStyle,2018-09-10,2018-09-11,2018-09-20,2018-10-10,2018-10-10,1,30,10,30,9,20,0
1053,BBFF,2018-09-11,2018-09-17,2018-09-27,2018-10-11,2018-10-13,6,32,16,30,10,14,2
1054,Electronic,2018-09-15,2018-10-15,2018-10-15,2018-10-15,2018-10-16,30,31,30,30,0,0,1
1055,Digital Service,2018-02-06,2018-03-07,2018-03-07,2018-03-07,2018-03-11,29,33,29,29,0,0,4
1056,BBFF,2018-03-05,2018-03-14,2018-03-13,2018-04-03,2018-04-07,9,33,8,29,-1,21,4
1057,BBFF,2018-03-22,2018-03-29,2018-04-10,2018-04-20,2018-04-22,7,31,19,29,12,10,2
1058,Digital Service,2018-03-26,2018-04-12,2018-04-18,2018-04-24,2018-04-28,17,33,23,29,6,6,4
1059,Digital Service,2018-03-27,2018-04-18,2018-04-02,2018-04-25,2018-04-28,22,32,6,29,-16,23,3
1060,BBFF,2018-03-28,2018-04-05,2018-04-06,2018-04-26,2018-04-30,8,33,9,29,1,20,4
1061,BBFF,2018-04-09,2018-04-27,2018-05-02,2018-05-08,2018-06-20,18,72,23,29,5,6,43
1062,BBFF,2018-04-21,2018-04-26,2018-05-11,2018-05-20,2018-05-26,5,35,20,29,15,9,6
1063,Electronic,2018-04-25,2018-04-25,2018-05-22,2018-05-24,2018-05-24,0,29,27,29,27,2,0
1064,LifeStyle,2018-05-10,2018-05-22,2018-06-06,2018-06-08,2018-10-06,12,149,27,29,15,2,120
1065,BBFF,2018-05-19,2018-06-05,2018-06-15,2018-06-17,2018-06-22,17,34,27,29,10,2,5
1066,Digital Service,2018-05-27,2018-06-22,2018-06-18,2018-06-25,2018-06-28,26,32,22,29,-4,7,3
1067,LifeStyle,2018-05-28,2018-06-21,2018-06-08,2018-06-26,2018-07-20,24,53,11,29,-13,18,24
1068,LifeStyle,2018-06-12,2018-07-09,2018-06-22,2018-07-11,2018-07-22,27,40,10,29,-17,19,11
1069,LifeStyle,2018-06-12,2018-07-03,2018-07-10,2018-07-11,2018-09-22,21,102,28,29,7,1,73
1070,BBFF,2018-06-12,2018-06-30,2018-07-11,2018-07-11,2018-07-12,18,30,29,29,11,0,1
1071,LifeStyle,2018-06-15,2018-06-30,2018-07-11,2018-07-14,2018-07-28,15,43,26,29,11,3,14
1072,BBFF,2018-06-21,2018-07-11,2018-07-17,2018-07-20,2018-07-30,20,39,26,29,6,3,10
1073,BBFF,2018-06-23,2018-07-03,2018-07-11,2018-07-22,2018-08-01,10,39,18,29,8,11,10
1074,LifeStyle,2018-07-03,2018-07-20,2018-07-31,2018-08-01,2018-09-01,17,60,28,29,11,1,31
1075,LifeStyle,2018-07-05,2018-07-13,2018-07-12,2018-08-03,2018-08-07,8,33,7,29,-1,22,4
1076,Book,2018-07-12,2018-07-27,2018-08-02,2018-08-10,2018-08-21,15,40,21,29,6,8,11
1077,BBFF,2018-07-24,2018-07-31,2018-08-07,2018-08-22,2018-08-22,7,29,14,29,7,15,0
1078,BBFF,2018-07-26,2018-07-28,2018-08-23,2018-08-24,2018-08-27,2,32,28,29,26,1,3
1079,BBFF,2018-08-02,2018-08-03,2018-08-27,2018-08-31,2018-10-12,1,71,25,29,24,4,42
1080,BBFF,2018-08-02,2018-08-02,2018-08-18,2018-08-31,2018-09-01,0,30,16,29,16,13,1
1081,Digital Service,2018-08-06,2018-08-23,2018-08-28,2018-09-04,2018-09-12,17,37,22,29,5,7,8
1082,BBFF,2018-08-08,2018-08-24,2018-08-31,2018-09-06,2018-09-06,16,29,23,29,7,6,0
1083,BBFF,2018-08-09,2018-08-22,2018-09-06,2018-09-07,2018-09-13,13,35,28,29,15,1,6
1084,BBFF,2018-08-17,2018-08-28,2018-09-12,2018-09-15,2018-09-30,11,44,26,29,15,3,15
1085,BBFF,2018-08-21,2018-08-28,2018-08-30,2018-09-19,2018-09-24,7,34,9,29,2,20,5
1086,BBFF,2018-08-29,2018-08-29,2018-09-25,2018-09-27,2018-10-15,0,47,27,29,27,2,18
1087,Digital Service,2018-09-05,2018-09-05,2018-09-20,2018-10-04,2018-10-12,0,37,15,29,15,14,8
1088,BBFF,2018-09-11,2018-09-18,2018-10-09,2018-10-10,2018-10-14,7,33,28,29,21,1,4
1089,BBFF,2018-09-14,2018-09-27,2018-09-29,2018-10-13,2018-10-13,13,29,15,29,2,14,0
1090,LifeStyle,2018-02-01,2018-04-12,2018-02-06,2018-03-01,2018-08-22,70,202,5,28,-65,23,174
1091,BBFF,2018-02-09,2018-03-06,2018-03-07,2018-03-09,2018-03-20,25,39,26,28,1,2,11
1092,BBFF,2018-03-09,2018-03-30,2018-04-05,2018-04-06,2018-04-13,21,35,27,28,6,1,7
1093,BBFF,2018-03-29,2018-03-30,2018-04-17,2018-04-26,2018-04-21,1,23,19,28,18,9,-5
1094,LifeStyle,2018-04-06,2018-04-20,2018-04-16,2018-05-04,2018-05-22,14,46,10,28,-4,18,18
1095,BBFF,2018-04-06,2018-04-11,2018-04-17,2018-05-04,2018-05-07,5,31,11,28,6,17,3
1096,Electronic,2018-04-12,2018-04-20,2018-05-08,2018-05-10,2018-10-16,8,187,26,28,18,2,159
1097,Digital Service,2018-04-17,2018-04-19,2018-05-09,2018-05-15,2018-08-23,2,128,22,28,20,6,100
1098,LifeStyle,2018-04-19,2018-05-14,2018-04-20,2018-05-17,2018-05-28,25,39,1,28,-24,27,11
1099,Digital Service,2018-04-24,2018-05-17,2018-05-21,2018-05-22,2018-07-31,23,98,27,28,4,1,70
1100,LifeStyle,2018-04-27,2018-04-27,2018-05-23,2018-05-25,2018-06-02,0,36,26,28,26,2,8
1101,BBFF,2018-05-02,2018-05-22,2018-05-28,2018-05-30,2018-07-07,20,66,26,28,6,2,38
1102,BBFF,2018-05-02,2018-05-07,2018-05-17,2018-05-30,2018-06-02,5,31,15,28,10,13,3
1103,BBFF,2018-05-15,2018-06-05,2018-05-24,2018-06-12,2018-06-19,21,35,9,28,-12,19,7
1104,Book,2018-05-17,2018-05-25,2018-06-07,2018-06-14,2018-06-14,8,28,21,28,13,7,0
1105,BBFF,2018-06-06,2018-07-19,2018-06-29,2018-07-04,2018-07-20,43,44,23,28,-20,5,16
1106,BBFF,2018-06-08,2018-06-11,2018-06-25,2018-07-06,2018-09-15,3,99,17,28,14,11,71
1107,LifeStyle,2018-06-12,2018-06-25,2018-07-04,2018-07-10,2018-07-19,13,37,22,28,9,6,9
1108,LifeStyle,2018-06-14,2018-06-14,2018-07-11,2018-07-12,2018-07-22,0,38,27,28,27,1,10
1109,BBFF,2018-06-19,2018-07-17,2018-07-16,2018-07-17,2018-07-20,28,31,27,28,-1,1,3
1110,BBFF,2018-06-24,2018-06-28,2018-07-16,2018-07-22,2018-07-24,4,30,22,28,18,6,2
1111,BBFF,2018-07-13,2018-07-25,2018-07-23,2018-08-10,2018-08-31,12,49,10,28,-2,18,21
1112,BBFF,2018-07-18,2018-08-13,2018-08-14,2018-08-15,2018-08-28,26,41,27,28,1,1,13
1113,Electronic,2018-08-02,2018-08-29,2018-08-22,2018-08-30,2018-09-21,27,50,20,28,-7,8,22
1114,BBFF,2018-08-08,2018-08-09,2018-08-08,2018-09-05,2018-09-06,1,29,0,28,-1,28,1
1115,BBFF,2018-08-15,2018-08-21,2018-09-07,2018-09-12,2018-09-15,6,31,23,28,17,5,3
1116,LifeStyle,2018-08-15,2018-08-16,2018-09-11,2018-09-12,2018-09-25,1,41,27,28,26,1,13
1117,BBFF,2018-08-21,2018-09-05,2018-08-30,2018-09-18,2018-09-20,15,30,9,28,-6,19,2
1118,LifeStyle,2018-08-29,2018-08-29,2018-09-04,2018-09-26,2018-09-27,0,29,6,28,6,22,1
1119,BBFF,2018-09-10,2018-09-21,2018-10-08,2018-10-08,2018-10-09,11,29,28,28,17,0,1
1120,Book,2018-09-13,2018-09-20,2018-09-20,2018-10-11,2018-10-13,7,30,7,28,0,21,2
1121,LifeStyle,2018-09-13,2018-09-17,2018-09-17,2018-10-11,2018-10-15,4,32,4,28,0,24,4
1122,BBFF,2018-02-02,2018-02-22,2018-02-23,2018-03-01,2018-02-28,20,26,21,27,1,6,-1
1123,BBFF,2018-02-28,2018-03-21,2018-03-09,2018-03-27,2018-03-29,21,29,9,27,-12,18,2
1124,BBFF,2018-03-22,2018-03-29,2018-04-11,2018-04-18,2018-04-20,7,29,20,27,13,7,2
1125,BBFF,2018-03-23,2018-03-28,2018-04-16,2018-04-19,2018-04-20,5,28,24,27,19,3,1
1126,LifeStyle,2018-04-06,2018-04-27,2018-04-22,2018-05-03,2018-05-16,21,40,16,27,-5,11,13
1127,BBFF,2018-04-12,2018-04-27,2018-05-04,2018-05-09,2018-06-30,15,79,22,27,7,5,52
1128,LifeStyle,2018-04-19,2018-05-10,2018-05-15,2018-05-16,2018-06-27,21,69,26,27,5,1,42
1129,BBFF,2018-04-21,2018-04-26,2018-05-17,2018-05-18,2018-05-31,5,40,26,27,21,1,13
1130,LifeStyle,2018-04-21,2018-04-25,2018-05-17,2018-05-18,2018-05-26,4,35,26,27,22,1,8
1131,BBFF,2018-04-27,2018-04-27,2018-05-09,2018-05-24,2018-05-23,0,26,12,27,12,15,-1
1132,Electronic,2018-05-26,2018-06-01,2018-06-05,2018-06-22,2018-06-30,6,35,10,27,4,17,8
1133,BBFF,2018-05-29,2018-06-07,2018-06-18,2018-06-25,2018-06-27,9,29,20,27,11,7,2
1134,BBFF,2018-06-01,2018-06-04,2018-06-16,2018-06-28,2018-07-09,3,38,15,27,12,12,11
1135,BBFF,2018-06-06,2018-06-21,2018-06-28,2018-07-03,2018-09-21,15,107,22,27,7,5,80
1136,Electronic,2018-06-12,2018-06-12,2018-06-14,2018-07-09,2018-07-09,0,27,2,27,2,25,0
1137,Electronic,2018-06-13,2018-06-28,2018-07-04,2018-07-10,2018-07-12,15,29,21,27,6,6,2
1138,BBFF,2018-06-20,2018-07-18,2018-07-16,2018-07-17,2018-07-19,28,29,26,27,-2,1,2
1139,BBFF,2018-06-20,2018-06-22,2018-07-12,2018-07-17,2018-07-19,2,29,22,27,20,5,2
1140,Book,2018-06-28,2018-07-12,2018-07-02,2018-07-25,2018-07-24,14,26,4,27,-10,23,-1
1141,Electronic,2018-06-29,2018-07-13,2018-07-23,2018-07-26,2018-08-26,14,58,24,27,10,3,31
1142,Electronic,2018-07-11,2018-07-26,2018-08-02,2018-08-07,2018-10-17,15,98,22,27,7,5,71
1143,BBFF,2018-07-12,2018-07-19,2018-07-27,2018-08-08,2018-08-21,7,40,15,27,8,12,13
1144,BBFF,2018-07-19,2018-07-26,2018-08-13,2018-08-15,2018-08-15,7,27,25,27,18,2,0
1145,BBFF,2018-07-19,2018-07-24,2018-08-10,2018-08-15,2018-08-21,5,33,22,27,17,5,6
1146,BBFF,2018-07-20,2018-07-26,2018-07-27,2018-08-16,2018-08-21,6,32,7,27,1,20,5
1147,BBFF,2018-07-25,2018-07-28,2018-08-17,2018-08-21,2018-08-30,3,36,23,27,20,4,9
1148,Book,2018-07-26,2018-08-21,2018-08-21,2018-08-22,2018-08-24,26,29,26,27,0,1,2
1149,BBFF,2018-08-21,2018-08-29,2018-09-11,2018-09-17,2018-09-20,8,30,21,27,13,6,3
1150,BBFF,2018-08-31,2018-09-05,2018-09-14,2018-09-27,2018-10-05,5,35,14,27,9,13,8
1151,BBFF,2018-08-31,2018-09-04,2018-09-26,2018-09-27,2018-10-01,4,31,26,27,22,1,4
1152,LifeStyle,2018-09-07,2018-09-10,2018-09-10,2018-10-04,2018-10-08,3,31,3,27,0,24,4
1153,Electronic,2018-03-06,2018-03-21,2018-03-31,2018-04-01,2018-04-03,15,28,25,26,10,1,2
1154,Book,2018-03-15,2018-04-09,2018-04-09,2018-04-10,2018-08-10,25,148,25,26,0,1,122
1155,BBFF,2018-03-23,2018-03-29,2018-04-12,2018-04-18,2018-04-18,6,26,20,26,14,6,0
1156,BBFF,2018-03-23,2018-03-29,2018-04-17,2018-04-18,2018-05-05,6,43,25,26,19,1,17
1157,BBFF,2018-03-24,2018-03-30,2018-04-03,2018-04-19,2018-04-30,6,37,10,26,4,16,11
1158,LifeStyle,2018-03-24,2018-03-28,2018-04-16,2018-04-19,2018-04-21,4,28,23,26,19,3,2
1159,LifeStyle,2018-04-06,2018-04-25,2018-04-27,2018-05-02,2018-05-17,19,41,21,26,2,5,15
1160,BBFF,2018-04-26,2018-05-10,2018-05-18,2018-05-22,2018-05-22,14,26,22,26,8,4,0
1161,LifeStyle,2018-05-03,2018-05-17,2018-05-29,2018-05-29,2018-06-02,14,30,26,26,12,0,4
1162,LifeStyle,2018-05-04,2018-05-21,2018-05-31,2018-05-30,2018-06-12,17,39,27,26,10,-1,13
1163,LifeStyle,2018-05-04,2018-05-09,2018-05-28,2018-05-30,2018-06-05,5,32,24,26,19,2,6
1164,BBFF,2018-05-14,2018-05-31,2018-06-06,2018-06-09,2018-06-08,17,25,23,26,6,3,-1
1165,BBFF,2018-05-17,2018-05-21,2018-06-05,2018-06-12,2018-06-17,4,31,19,26,15,7,5
1166,BBFF,2018-05-22,2018-06-06,2018-05-24,2018-06-17,2018-06-19,15,28,2,26,-13,24,2
1167,BBFF,2018-05-24,2018-06-01,2018-06-14,2018-06-19,2018-06-22,8,29,21,26,13,5,3
1168,BBFF,2018-05-24,2018-05-25,2018-06-04,2018-06-19,2018-08-04,1,72,11,26,10,15,46
1169,BBFF,2018-05-25,2018-05-25,2018-06-14,2018-06-20,2018-06-22,0,28,20,26,20,6,2
1170,BBFF,2018-05-31,2018-06-13,2018-06-25,2018-06-26,2018-07-30,13,60,25,26,12,1,34
1171,Electronic,2018-06-08,2018-06-19,2018-06-19,2018-07-04,2018-07-04,11,26,11,26,0,15,0
1172,BBFF,2018-06-21,2018-06-26,2018-07-12,2018-07-17,2018-07-18,5,27,21,26,16,5,1
1173,BBFF,2018-06-23,2018-07-05,2018-07-13,2018-07-19,2018-08-18,12,56,20,26,8,6,30
1174,BBFF,2018-06-26,2018-07-02,2018-07-10,2018-07-22,2018-07-19,6,23,14,26,8,12,-3
1175,BBFF,2018-06-28,2018-07-09,2018-07-19,2018-07-24,2018-07-24,11,26,21,26,10,5,0
1176,LifeStyle,2018-06-30,2018-07-13,2018-07-24,2018-07-26,2018-08-13,13,44,24,26,11,2,18
1177,BBFF,2018-07-06,2018-07-19,2018-07-31,2018-08-01,2018-08-23,13,48,25,26,12,1,22
1178,BBFF,2018-07-19,2018-08-07,2018-07-31,2018-08-14,2018-08-13,19,25,12,26,-7,14,-1
1179,Book,2018-07-20,2018-07-23,2018-08-08,2018-08-15,2018-08-15,3,26,19,26,16,7,0
1180,BBFF,2018-08-20,2018-08-20,2018-09-14,2018-09-15,2018-09-27,0,38,25,26,25,1,12
1181,BBFF,2018-08-24,2018-08-24,2018-09-19,2018-09-19,2018-09-19,0,26,26,26,26,0,0
1182,BBFF,2018-08-28,2018-08-29,2018-09-17,2018-09-23,2018-09-28,1,31,20,26,19,6,5
1183,BBFF,2018-09-05,2018-09-21,2018-09-26,2018-10-01,2018-10-10,16,35,21,26,5,5,9
1184,BBFF,2018-09-08,2018-09-12,2018-09-27,2018-10-04,2018-10-03,4,25,19,26,15,7,-1
1185,LifeStyle,2018-02-05,2018-03-01,2018-02-13,2018-03-02,2018-03-15,24,38,8,25,-16,17,13
1186,Book,2018-02-09,2018-02-28,2018-02-27,2018-03-06,2018-03-06,19,25,18,25,-1,7,0
1187,BBFF,2018-03-19,2018-04-02,2018-03-30,2018-04-13,2018-04-13,14,25,11,25,-3,14,0
1188,BBFF,2018-03-22,2018-03-28,2018-04-10,2018-04-16,2018-04-18,6,27,19,25,13,6,2
1189,Electronic,2018-03-23,2018-04-02,2018-04-06,2018-04-17,2018-04-18,10,26,14,25,4,11,1
1190,BBFF,2018-03-23,2018-03-30,2018-04-06,2018-04-17,2018-04-22,7,30,14,25,7,11,5
1191,BBFF,2018-03-23,2018-03-28,2018-04-04,2018-04-17,2018-04-16,5,24,12,25,7,13,-1
1192,LifeStyle,2018-03-24,2018-03-28,2018-04-04,2018-04-18,2018-04-18,4,25,11,25,7,14,0
1193,Digital Service,2018-03-26,2018-04-11,2018-03-28,2018-04-20,2018-09-07,16,165,2,25,-14,23,140
1194,BBFF,2018-05-03,2018-05-11,2018-05-17,2018-05-28,2018-05-29,8,26,14,25,6,11,1
1195,LifeStyle,2018-05-16,2018-06-04,2018-05-23,2018-06-10,2018-06-06,19,21,7,25,-12,18,-4
1196,BBFF,2018-05-28,2018-05-28,2018-06-16,2018-06-22,2018-06-27,0,30,19,25,19,6,5
1197,LifeStyle,2018-05-31,2018-06-08,2018-06-21,2018-06-25,2018-07-10,8,40,21,25,13,4,15
1198,BBFF,2018-06-01,2018-06-25,2018-06-25,2018-06-26,2018-07-03,24,32,24,25,0,1,7
1199,BBFF,2018-06-01,2018-06-12,2018-06-19,2018-06-26,2018-07-11,11,40,18,25,7,7,15
1200,LifeStyle,2018-06-02,2018-06-21,2018-06-06,2018-06-27,2018-06-28,19,26,4,25,-15,21,1
1201,BBFF,2018-06-07,2018-06-28,2018-06-26,2018-07-02,2018-07-17,21,40,19,25,-2,6,15
1202,BBFF,2018-06-08,2018-06-21,2018-06-25,2018-07-03,2018-07-02,13,24,17,25,4,8,-1
1203,LifeStyle,2018-06-15,2018-07-02,2018-06-25,2018-07-10,2018-07-15,17,30,10,25,-7,15,5
1204,BBFF,2018-06-15,2018-06-25,2018-07-09,2018-07-10,2018-07-11,10,26,24,25,14,1,1
1205,LifeStyle,2018-06-27,2018-07-20,2018-07-19,2018-07-22,2018-07-21,23,24,22,25,-1,3,-1
1206,LifeStyle,2018-06-27,2018-06-30,2018-07-12,2018-07-22,2018-08-04,3,38,15,25,12,10,13
1207,Digital Service,2018-07-02,2018-07-09,2018-07-18,2018-07-27,2018-09-14,7,74,16,25,9,9,49
1208,BBFF,2018-07-09,2018-07-24,2018-08-02,2018-08-03,2018-10-12,15,95,24,25,9,1,70
1209,LifeStyle,2018-07-15,2018-08-07,2018-07-25,2018-08-09,2018-08-11,23,27,10,25,-13,15,2
1210,LifeStyle,2018-07-21,2018-07-30,2018-08-14,2018-08-15,2018-08-21,9,31,24,25,15,1,6
1211,BBFF,2018-07-23,2018-07-30,2018-08-08,2018-08-17,2018-08-20,7,28,16,25,9,9,3
1212,BBFF,2018-08-02,2018-08-03,2018-08-09,2018-08-27,2018-08-27,1,25,7,25,6,18,0
1213,BBFF,2018-08-06,2018-08-07,2018-08-30,2018-08-31,2018-09-05,1,30,24,25,23,1,5
1214,BBFF,2018-08-12,2018-08-16,2018-09-05,2018-09-06,2018-09-19,4,38,24,25,20,1,13
1215,LifeStyle,2018-08-25,2018-09-25,2018-09-12,2018-09-19,2018-09-26,31,32,18,25,-13,7,7
1216,BBFF,2018-08-25,2018-08-30,2018-09-11,2018-09-19,2018-09-19,5,25,17,25,12,8,0
1217,LifeStyle,2018-09-06,2018-09-07,2018-09-25,2018-10-01,2018-10-04,1,28,19,25,18,6,3
1218,BBFF,2018-09-13,2018-09-21,2018-09-30,2018-10-08,2018-10-15,8,32,17,25,9,8,7
1219,BBFF,2018-02-05,2018-02-13,2018-02-22,2018-03-01,2018-03-06,8,29,17,24,9,7,5
1220,Digital Service,2018-03-24,2018-04-16,2018-04-12,2018-04-17,2018-04-18,23,25,19,24,-4,5,1
1221,BBFF,2018-03-26,2018-03-30,2018-04-17,2018-04-19,2018-04-19,4,24,22,24,18,2,0
1222,LifeStyle,2018-03-27,2018-03-30,2018-04-11,2018-04-20,2018-04-20,3,24,15,24,12,9,0
1223,Digital Service,2018-04-16,2018-04-20,2018-05-07,2018-05-10,2018-07-09,4,84,21,24,17,3,60
1224,Digital Service,2018-04-27,2018-05-16,2018-05-10,2018-05-21,2018-06-17,19,51,13,24,-6,11,27
1225,Book,2018-05-04,2018-05-10,2018-05-23,2018-05-28,2018-05-29,6,25,19,24,13,5,1
1226,BBFF,2018-05-15,2018-06-04,2018-06-04,2018-06-08,2018-06-10,20,26,20,24,0,4,2
1227,Electronic,2018-05-21,2018-05-22,2018-06-13,2018-06-14,2018-06-15,1,25,23,24,22,1,1
1228,LifeStyle,2018-06-04,2018-07-23,2018-06-27,2018-06-28,2018-08-11,49,68,23,24,-26,1,44
1229,BBFF,2018-06-05,2018-06-20,2018-06-28,2018-06-29,2018-07-02,15,27,23,24,8,1,3
1230,BBFF,2018-06-21,2018-06-27,2018-07-10,2018-07-15,2018-07-16,6,25,19,24,13,5,1
1231,BBFF,2018-06-28,2018-07-18,2018-07-16,2018-07-22,2018-08-09,20,42,18,24,-2,6,18
1232,BBFF,2018-06-28,2018-07-11,2018-07-17,2018-07-22,2018-09-24,13,88,19,24,6,5,64
1233,LifeStyle,2018-06-28,2018-07-10,2018-07-20,2018-07-22,2018-08-06,12,39,22,24,10,2,15
1234,BBFF,2018-06-28,2018-06-29,2018-07-18,2018-07-22,2018-08-21,1,54,20,24,19,4,30
1235,LifeStyle,2018-07-13,2018-08-06,2018-07-20,2018-08-06,2018-08-24,24,42,7,24,-17,17,18
1236,Book,2018-07-30,2018-08-03,2018-08-09,2018-08-23,2018-08-23,4,24,10,24,6,14,0
1237,LifeStyle,2018-08-03,2018-08-14,2018-08-17,2018-08-27,2018-09-06,11,34,14,24,3,10,10
1238,BBFF,2018-08-07,2018-08-15,2018-08-16,2018-08-31,2018-09-02,8,26,9,24,1,15,2
1239,BBFF,2018-08-15,2018-08-17,2018-08-31,2018-09-08,2018-09-23,2,39,16,24,14,8,15
1240,BBFF,2018-08-17,2018-08-23,2018-08-28,2018-09-10,2018-09-21,6,35,11,24,5,13,11
1241,BBFF,2018-08-17,2018-08-20,2018-08-20,2018-09-10,2018-09-10,3,24,3,24,0,21,0
1242,LifeStyle,2018-08-20,2018-08-24,2018-08-24,2018-09-13,2018-09-13,4,24,4,24,0,20,0
1243,Electronic,2018-08-20,2018-08-22,2018-08-27,2018-09-13,2018-10-08,2,49,7,24,5,17,25
1244,BBFF,2018-08-21,2018-08-27,2018-08-31,2018-09-14,2018-09-15,6,25,10,24,4,14,1
1245,BBFF,2018-08-24,2018-08-31,2018-09-15,2018-09-17,2018-09-25,7,32,22,24,15,2,8
1246,BBFF,2018-08-25,2018-08-28,2018-09-14,2018-09-18,2018-09-25,3,31,20,24,17,4,7
1247,BBFF,2018-09-05,2018-09-19,2018-09-28,2018-09-29,2018-09-29,14,24,23,24,9,1,0
1248,BBFF,2018-09-06,2018-09-07,2018-09-25,2018-09-30,2018-10-17,1,41,19,24,18,5,17
1249,Digital Service,2018-03-19,2018-03-26,2018-04-07,2018-04-11,2018-04-19,7,31,19,23,12,4,8
1250,Book,2018-03-20,2018-04-09,2018-04-04,2018-04-12,2018-04-12,20,23,15,23,-5,8,0
1251,Book,2018-03-24,2018-03-28,2018-03-30,2018-04-16,2018-04-16,4,23,6,23,2,17,0
1252,BBFF,2018-03-28,2018-03-29,2018-03-29,2018-04-20,2018-04-21,1,24,1,23,0,22,1
1253,Electronic,2018-03-28,2018-03-29,2018-04-17,2018-04-20,2018-04-25,1,28,20,23,19,3,5
1254,BBFF,2018-03-31,2018-04-16,2018-04-05,2018-04-23,2018-04-24,16,24,5,23,-11,18,1
1255,Electronic,2018-04-09,2018-04-18,2018-04-20,2018-05-02,2018-05-06,9,27,11,23,2,12,4
1256,BBFF,2018-04-10,2018-04-17,2018-04-23,2018-05-03,2018-05-05,7,25,13,23,6,10,2
1257,BBFF,2018-04-17,2018-05-07,2018-05-03,2018-05-10,2018-05-15,20,28,16,23,-4,7,5
1258,BBFF,2018-04-17,2018-04-20,2018-05-07,2018-05-10,2018-05-28,3,41,20,23,17,3,18
1259,BBFF,2018-04-21,2018-05-04,2018-05-08,2018-05-14,2018-05-21,13,30,17,23,4,6,7
1260,Digital Service,2018-04-23,2018-05-14,2018-05-08,2018-05-16,2018-05-18,21,25,15,23,-6,8,2
1261,LifeStyle,2018-05-02,2018-05-03,2018-05-11,2018-05-25,2018-05-28,1,26,9,23,8,14,3
1262,BBFF,2018-05-03,2018-05-07,2018-05-18,2018-05-26,2018-06-04,4,32,15,23,11,8,9
1263,BBFF,2018-05-07,2018-05-25,2018-05-30,2018-05-30,2018-06-10,18,34,23,23,5,0,11
1264,BBFF,2018-05-28,2018-06-04,2018-06-19,2018-06-20,2018-07-10,7,43,22,23,15,1,20
1265,Electronic,2018-05-30,2018-06-05,2018-06-21,2018-06-22,2018-08-04,6,66,22,23,16,1,43
1266,BBFF,2018-06-06,2018-06-26,2018-06-14,2018-06-29,2018-07-01,20,25,8,23,-12,15,2
1267,LifeStyle,2018-06-12,2018-06-30,2018-06-26,2018-07-05,2018-07-12,18,30,14,23,-4,9,7
1268,Electronic,2018-06-18,2018-06-20,2018-07-10,2018-07-11,2018-07-25,2,37,22,23,20,1,14
1269,LifeStyle,2018-06-29,2018-07-13,2018-07-16,2018-07-22,2018-08-01,14,33,17,23,3,6,10
1270,BBFF,2018-07-12,2018-07-24,2018-08-02,2018-08-04,2018-08-04,12,23,21,23,9,2,0
1271,Book,2018-07-12,2018-07-23,2018-07-23,2018-08-04,2018-08-05,11,24,11,23,0,12,1
1272,BBFF,2018-07-19,2018-07-25,2018-08-02,2018-08-11,2018-08-13,6,25,14,23,8,9,2
1273,BBFF,2018-07-19,2018-07-24,2018-08-10,2018-08-11,2018-08-30,5,42,22,23,17,1,19
1274,BBFF,2018-07-28,2018-07-30,2018-08-01,2018-08-20,2018-08-21,2,24,4,23,2,19,1
1275,BBFF,2018-08-02,2018-08-13,2018-08-15,2018-08-25,2018-08-27,11,25,13,23,2,10,2
1276,BBFF,2018-08-05,2018-08-17,2018-08-21,2018-08-28,2018-10-10,12,66,16,23,4,7,43
1277,LifeStyle,2018-08-06,2018-08-14,2018-08-28,2018-08-29,2018-09-07,8,32,22,23,14,1,9
1278,BBFF,2018-08-07,2018-08-27,2018-08-14,2018-08-30,2018-09-02,20,26,7,23,-13,16,3
1279,BBFF,2018-08-14,2018-08-31,2018-09-06,2018-09-06,2018-09-11,17,28,23,23,6,0,5
1280,Book,2018-08-14,2018-08-22,2018-09-06,2018-09-06,2018-09-07,8,24,23,23,15,0,1
1281,Electronic,2018-08-14,2018-08-15,2018-08-30,2018-09-06,2018-09-27,1,44,16,23,15,7,21
1282,BBFF,2018-08-14,2018-08-15,2018-09-05,2018-09-06,2018-09-10,1,27,22,23,21,1,4
1283,BBFF,2018-08-16,2018-08-22,2018-09-07,2018-09-08,2018-09-08,6,23,22,23,16,1,0
1284,LifeStyle,2018-08-16,2018-08-17,2018-08-29,2018-09-08,2018-09-20,1,35,13,23,12,10,12
1285,BBFF,2018-08-20,2018-08-22,2018-08-21,2018-09-12,2018-09-13,2,24,1,23,-1,22,1
1286,LifeStyle,2018-08-21,2018-08-28,2018-08-27,2018-09-13,2018-09-13,7,23,6,23,-1,17,0
1287,BBFF,2018-08-21,2018-08-23,2018-09-05,2018-09-13,2018-09-14,2,24,15,23,13,8,1
1288,BBFF,2018-09-10,2018-09-11,2018-09-17,2018-10-03,2018-10-03,1,23,7,23,6,16,0
1289,LifeStyle,2018-09-11,2018-09-11,2018-09-19,2018-10-04,2018-10-02,0,21,8,23,8,15,-2
1290,BBFF,2018-09-18,2018-09-20,2018-09-20,2018-10-11,2018-10-16,2,28,2,23,0,21,5
1291,BBFF,2018-09-24,2018-09-25,2018-09-25,2018-10-17,2018-10-17,1,23,1,23,0,22,0
1292,LifeStyle,2018-03-01,2018-03-15,2018-03-14,2018-03-23,2018-03-24,14,23,13,22,-1,9,1
1293,BBFF,2018-03-05,2018-03-14,2018-03-26,2018-03-27,2018-03-30,9,25,21,22,12,1,3
1294,Electronic,2018-03-14,2018-03-27,2018-04-04,2018-04-05,2018-05-12,13,59,21,22,8,1,37
1295,BBFF,2018-03-26,2018-04-02,2018-03-29,2018-04-17,2018-04-19,7,24,3,22,-4,19,2
1296,Electronic,2018-03-28,2018-03-28,2018-04-17,2018-04-19,2018-05-02,0,35,20,22,20,2,13
1297,Electronic,2018-03-30,2018-04-13,2018-04-17,2018-04-21,2018-05-09,14,40,18,22,4,4,18
1298,Digital Service,2018-04-03,2018-04-20,2018-04-18,2018-04-25,2018-05-21,17,48,15,22,-2,7,26
1299,Electronic,2018-04-06,2018-04-19,2018-04-23,2018-04-28,2018-07-09,13,94,17,22,4,5,72
1300,Electronic,2018-04-12,2018-04-20,2018-05-03,2018-05-04,2018-07-30,8,109,21,22,13,1,87
1301,Electronic,2018-04-16,2018-04-27,2018-04-26,2018-05-08,2018-05-14,11,28,10,22,-1,12,6
1302,Digital Service,2018-04-17,2018-05-04,2018-04-26,2018-05-09,2018-06-04,17,48,9,22,-8,13,26
1303,Electronic,2018-05-07,2018-05-11,2018-05-23,2018-05-29,2018-05-30,4,23,16,22,12,6,1
1304,LifeStyle,2018-05-08,2018-05-30,2018-05-15,2018-05-30,2018-06-03,22,26,7,22,-15,15,4
1305,BBFF,2018-05-14,2018-05-25,2018-06-04,2018-06-05,2018-06-07,11,24,21,22,10,1,2
1306,LifeStyle,2018-05-17,2018-05-22,2018-06-07,2018-06-08,2018-06-09,5,23,21,22,16,1,1
1307,LifeStyle,2018-05-18,2018-05-22,2018-06-05,2018-06-09,2018-06-26,4,39,18,22,14,4,17
1308,BBFF,2018-05-22,2018-06-01,2018-06-11,2018-06-13,2018-06-14,10,23,20,22,10,2,1
1309,Digital Service,2018-05-30,2018-06-12,2018-06-08,2018-06-21,2018-07-19,13,50,9,22,-4,13,28
1310,BBFF,2018-06-04,2018-06-08,2018-06-25,2018-06-26,2018-07-26,4,52,21,22,17,1,30
1311,BBFF,2018-06-05,2018-06-18,2018-06-13,2018-06-27,2018-06-27,13,22,8,22,-5,14,0
1312,Digital Service,2018-06-11,2018-06-14,2018-06-14,2018-07-03,2018-07-15,3,34,3,22,0,19,12
1313,BBFF,2018-06-19,2018-06-25,2018-07-11,2018-07-11,2018-07-18,6,29,22,22,16,0,7
1314,BBFF,2018-06-20,2018-07-05,2018-07-11,2018-07-12,2018-07-12,15,22,21,22,6,1,0
1315,LifeStyle,2018-06-21,2018-06-25,2018-07-05,2018-07-13,2018-07-16,4,25,14,22,10,8,3
1316,BBFF,2018-06-22,2018-07-11,2018-07-04,2018-07-14,2018-07-17,19,25,12,22,-7,10,3
1317,BBFF,2018-06-30,2018-07-09,2018-07-18,2018-07-22,2018-07-20,9,20,18,22,9,4,-2
1318,LifeStyle,2018-07-24,2018-07-26,2018-08-01,2018-08-15,2018-08-21,2,28,8,22,6,14,6
1319,BBFF,2018-07-27,2018-08-03,2018-08-16,2018-08-18,2018-10-15,7,80,20,22,13,2,58
1320,BBFF,2018-07-30,2018-08-13,2018-08-17,2018-08-21,2018-09-12,14,44,18,22,4,4,22
1321,LifeStyle,2018-08-02,2018-08-03,2018-08-23,2018-08-24,2018-08-27,1,25,21,22,20,1,3
1322,Electronic,2018-08-07,2018-08-17,2018-08-27,2018-08-29,2018-09-01,10,25,20,22,10,2,3
1323,LifeStyle,2018-08-15,2018-08-29,2018-08-24,2018-09-06,2018-09-05,14,21,9,22,-5,13,-1
1324,BBFF,2018-08-15,2018-08-27,2018-08-31,2018-09-06,2018-09-07,12,23,16,22,4,6,1
1325,BBFF,2018-08-16,2018-08-22,2018-09-05,2018-09-07,2018-09-16,6,31,20,22,14,2,9
1326,BBFF,2018-08-20,2018-08-30,2018-09-06,2018-09-11,2018-10-11,10,52,17,22,7,5,30
1327,BBFF,2018-08-28,2018-08-29,2018-09-10,2018-09-19,2018-09-20,1,23,13,22,12,9,1
1328,BBFF,2018-08-31,2018-08-31,2018-09-10,2018-09-22,2018-09-23,0,23,10,22,10,12,1
1329,Digital Service,2018-03-06,2018-03-26,2018-03-22,2018-03-27,2018-04-12,20,37,16,21,-4,5,16
1330,LifeStyle,2018-03-23,2018-03-28,2018-03-29,2018-04-13,2018-07-20,5,119,6,21,1,15,98
1331,Book,2018-03-23,2018-03-28,2018-04-04,2018-04-13,2018-07-11,5,110,12,21,7,9,89
1332,BBFF,2018-03-24,2018-03-30,2018-04-13,2018-04-14,2018-05-11,6,48,20,21,14,1,27
1333,BBFF,2018-04-13,2018-04-20,2018-05-03,2018-05-04,2018-05-22,7,39,20,21,13,1,18
1334,Digital Service,2018-04-16,2018-04-24,2018-05-05,2018-05-07,2018-05-18,8,32,19,21,11,2,11
1335,BBFF,2018-04-19,2018-05-07,2018-05-02,2018-05-10,2018-05-17,18,28,13,21,-5,8,7
1336,BBFF,2018-04-19,2018-05-02,2018-05-08,2018-05-10,2018-05-11,13,22,19,21,6,2,1
1337,Digital Service,2018-04-21,2018-05-09,2018-05-10,2018-05-12,2018-05-21,18,30,19,21,1,2,9
1338,LifeStyle,2018-04-24,2018-04-27,2018-05-04,2018-05-15,2018-05-24,3,30,10,21,7,11,9
1339,BBFF,2018-04-24,2018-04-24,2018-04-28,2018-05-15,2018-05-16,0,22,4,21,4,17,1
1340,Digital Service,2018-04-27,2018-05-16,2018-05-08,2018-05-18,2018-05-29,19,32,11,21,-8,10,11
1341,LifeStyle,2018-04-27,2018-05-08,2018-05-16,2018-05-18,2018-06-06,11,40,19,21,8,2,19
1342,BBFF,2018-04-27,2018-04-27,2018-05-08,2018-05-18,2018-05-24,0,27,11,21,11,10,6
1343,BBFF,2018-05-03,2018-05-08,2018-05-23,2018-05-24,2018-06-01,5,29,20,21,15,1,8
1344,Electronic,2018-05-07,2018-05-11,2018-05-23,2018-05-28,2018-06-12,4,36,16,21,12,5,15
1345,Book,2018-05-17,2018-05-31,2018-06-04,2018-06-07,2018-06-13,14,27,18,21,4,3,6
1346,BBFF,2018-05-24,2018-06-04,2018-06-13,2018-06-14,2018-06-19,11,26,20,21,9,1,5
1347,BBFF,2018-05-29,2018-06-07,2018-05-29,2018-06-19,2018-06-20,9,22,0,21,-9,21,1
1348,LifeStyle,2018-06-02,2018-06-05,2018-06-11,2018-06-23,2018-06-28,3,26,9,21,6,12,5
1349,Electronic,2018-06-14,2018-06-27,2018-07-04,2018-07-05,2018-07-05,13,21,20,21,7,1,0
1350,BBFF,2018-06-15,2018-06-30,2018-06-25,2018-07-06,2018-07-07,15,22,10,21,-5,11,1
1351,LifeStyle,2018-06-15,2018-06-18,2018-07-05,2018-07-06,2018-07-10,3,25,20,21,17,1,4
1352,BBFF,2018-06-21,2018-06-26,2018-07-04,2018-07-12,2018-07-13,5,22,13,21,8,8,1
1353,BBFF,2018-06-27,2018-07-31,2018-07-17,2018-07-18,2018-09-16,34,81,20,21,-14,1,60
1354,Electronic,2018-07-05,2018-07-23,2018-07-23,2018-07-26,2018-08-02,18,28,18,21,0,3,7
1355,BBFF,2018-07-06,2018-07-13,2018-07-17,2018-07-27,2018-07-26,7,20,11,21,4,10,-1
1356,LifeStyle,2018-07-09,2018-07-20,2018-07-20,2018-07-30,2018-08-22,11,44,11,21,0,10,23
1357,Electronic,2018-07-10,2018-07-18,2018-07-12,2018-07-31,2018-08-01,8,22,2,21,-6,19,1
1358,BBFF,2018-07-10,2018-07-18,2018-07-30,2018-07-31,2018-09-21,8,73,20,21,12,1,52
1359,BBFF,2018-07-12,2018-07-26,2018-07-24,2018-08-02,2018-08-12,14,31,12,21,-2,9,10
1360,BBFF,2018-07-12,2018-07-26,2018-08-01,2018-08-02,2018-08-03,14,22,20,21,6,1,1
1361,BBFF,2018-07-13,2018-07-24,2018-07-19,2018-08-03,2018-08-14,11,32,6,21,-5,15,11
1362,LifeStyle,2018-07-19,2018-07-26,2018-07-31,2018-08-09,2018-09-18,7,61,12,21,5,9,40
1363,LifeStyle,2018-08-02,2018-08-14,2018-08-17,2018-08-23,2018-08-25,12,23,15,21,3,6,2
1364,Book,2018-08-06,2018-08-13,2018-08-17,2018-08-27,2018-09-01,7,26,11,21,4,10,5
1365,BBFF,2018-08-09,2018-08-17,2018-08-15,2018-08-30,2018-09-01,8,23,6,21,-2,15,2
1366,BBFF,2018-08-14,2018-08-20,2018-08-20,2018-09-04,2018-09-06,6,23,6,21,0,15,2
1367,LifeStyle,2018-08-16,2018-08-27,2018-08-24,2018-09-06,2018-09-05,11,20,8,21,-3,13,-1
1368,BBFF,2018-08-16,2018-08-20,2018-09-04,2018-09-06,2018-09-05,4,20,19,21,15,2,-1
1369,BBFF,2018-08-16,2018-08-17,2018-08-30,2018-09-06,2018-09-15,1,30,14,21,13,7,9
1370,BBFF,2018-08-17,2018-08-21,2018-08-21,2018-09-07,2018-09-10,4,24,4,21,0,17,3
1371,BBFF,2018-08-20,2018-08-24,2018-08-28,2018-09-10,2018-09-12,4,23,8,21,4,13,2
1372,Digital Service,2018-08-23,2018-08-31,2018-09-12,2018-09-13,2018-10-03,8,41,20,21,12,1,20
1373,Electronic,2018-08-28,2018-08-29,2018-09-18,2018-09-18,2018-10-02,1,35,21,21,20,0,14
1374,LifeStyle,2018-08-29,2018-09-13,2018-09-17,2018-09-19,2018-10-13,15,45,19,21,4,2,24
1375,BBFF,2018-08-29,2018-08-29,2018-09-17,2018-09-19,2018-09-22,0,24,19,21,19,2,3
1376,LifeStyle,2018-09-07,2018-09-17,2018-09-20,2018-09-28,2018-09-29,10,22,13,21,3,8,1
1377,LifeStyle,2018-09-07,2018-09-07,2018-09-18,2018-09-28,2018-10-10,0,33,11,21,11,10,12
1378,BBFF,2018-09-10,2018-09-18,2018-09-25,2018-10-01,2018-10-15,8,35,15,21,7,6,14
1379,BBFF,2018-09-13,2018-09-14,2018-09-21,2018-10-04,2018-10-10,1,27,8,21,7,13,6
1380,Digital Service,2018-09-17,2018-10-08,2018-10-05,2018-10-08,2018-10-11,21,24,18,21,-3,3,3
1381,LifeStyle,2018-09-22,2018-09-27,2018-10-04,2018-10-13,2018-10-13,5,21,12,21,7,9,0
1382,Digital Service,2018-03-22,2018-04-03,2018-04-06,2018-04-11,2018-05-13,12,52,15,20,3,5,32
1383,BBFF,2018-03-22,2018-03-28,2018-04-03,2018-04-11,2018-04-12,6,21,12,20,6,8,1
1384,Electronic,2018-03-23,2018-03-28,2018-04-09,2018-04-12,2018-04-24,5,32,17,20,12,3,12
1385,LifeStyle,2018-03-24,2018-03-29,2018-04-04,2018-04-13,2018-04-26,5,33,11,20,6,9,13
1386,BBFF,2018-03-24,2018-03-28,2018-04-05,2018-04-13,2018-04-26,4,33,12,20,8,8,13
1387,BBFF,2018-03-24,2018-03-28,2018-04-09,2018-04-13,2018-04-13,4,20,16,20,12,4,0
1388,BBFF,2018-03-24,2018-03-26,2018-04-04,2018-04-13,2018-04-13,2,20,11,20,9,9,0
1389,Book,2018-04-04,2018-04-17,2018-04-23,2018-04-24,2018-05-04,13,30,19,20,6,1,10
1390,LifeStyle,2018-04-06,2018-04-17,2018-04-10,2018-04-26,2018-04-26,11,20,4,20,-7,16,0
1391,LifeStyle,2018-04-06,2018-04-17,2018-04-17,2018-04-26,2018-04-25,11,19,11,20,0,9,-1
1392,LifeStyle,2018-04-17,2018-04-18,2018-05-04,2018-05-07,2018-05-13,1,26,17,20,16,3,6
1393,LifeStyle,2018-05-03,2018-05-07,2018-05-08,2018-05-23,2018-06-16,4,44,5,20,1,15,24
1394,LifeStyle,2018-05-04,2018-05-16,2018-05-23,2018-05-24,2018-06-02,12,29,19,20,7,1,9
1395,Book,2018-05-07,2018-05-25,2018-05-07,2018-05-27,2018-05-27,18,20,0,20,-18,20,0
1396,BBFF,2018-05-16,2018-05-17,2018-05-22,2018-06-05,2018-06-06,1,21,6,20,5,14,1
1397,BBFF,2018-05-17,2018-05-28,2018-05-21,2018-06-06,2018-06-07,11,21,4,20,-7,16,1
1398,LifeStyle,2018-05-24,2018-06-04,2018-06-12,2018-06-13,2018-07-22,11,59,19,20,8,1,39
1399,LifeStyle,2018-06-15,2018-08-06,2018-07-04,2018-07-05,2018-08-16,52,62,19,20,-33,1,42
1400,BBFF,2018-06-27,2018-07-16,2018-07-11,2018-07-17,2018-07-24,19,27,14,20,-5,6,7
1401,Digital Service,2018-07-10,2018-07-26,2018-07-18,2018-07-30,2018-07-30,16,20,8,20,-8,12,0
1402,BBFF,2018-07-10,2018-07-17,2018-07-20,2018-07-30,2018-08-07,7,28,10,20,3,10,8
1403,BBFF,2018-07-13,2018-07-20,2018-08-01,2018-08-02,2018-08-05,7,23,19,20,12,1,3
1404,LifeStyle,2018-07-26,2018-07-27,2018-08-07,2018-08-15,2018-09-27,1,63,12,20,11,8,43
1405,LifeStyle,2018-07-27,2018-08-07,2018-08-14,2018-08-16,2018-08-27,11,31,18,20,7,2,11
1406,BBFF,2018-07-30,2018-07-30,2018-08-14,2018-08-19,2018-08-19,0,20,15,20,15,5,0
1407,BBFF,2018-07-31,2018-08-06,2018-08-10,2018-08-20,2018-09-21,6,52,10,20,4,10,32
1408,LifeStyle,2018-08-03,2018-08-14,2018-08-22,2018-08-23,2018-08-24,11,21,19,20,8,1,1
1409,BBFF,2018-08-07,2018-08-22,2018-08-25,2018-08-27,2018-08-28,15,21,18,20,3,2,1
1410,BBFF,2018-08-11,2018-08-21,2018-08-28,2018-08-31,2018-10-07,10,57,17,20,7,3,37
1411,Book,2018-08-16,2018-08-17,2018-08-21,2018-09-05,2018-09-04,1,19,5,20,4,15,-1
1412,BBFF,2018-08-17,2018-08-23,2018-09-04,2018-09-06,2018-09-13,6,27,18,20,12,2,7
1413,BBFF,2018-08-20,2018-08-22,2018-09-07,2018-09-09,2018-09-10,2,21,18,20,16,2,1
1414,LifeStyle,2018-08-21,2018-08-22,2018-09-07,2018-09-10,2018-09-14,1,24,17,20,16,3,4
1415,Electronic,2018-08-22,2018-08-24,2018-09-10,2018-09-11,2018-09-16,2,25,19,20,17,1,5
1416,BBFF,2018-08-23,2018-08-25,2018-09-05,2018-09-12,2018-09-18,2,26,13,20,11,7,6
1417,Book,2018-09-05,2018-09-10,2018-09-10,2018-09-25,2018-09-25,5,20,5,20,0,15,0
1418,BBFF,2018-09-06,2018-09-25,2018-09-25,2018-09-26,2018-09-30,19,24,19,20,0,1,4
1419,BBFF,2018-09-06,2018-09-12,2018-09-20,2018-09-26,2018-09-28,6,22,14,20,8,6,2
1420,Electronic,2018-09-07,2018-09-13,2018-09-20,2018-09-27,2018-10-05,6,28,13,20,7,7,8
1421,BBFF,2018-09-12,2018-09-21,2018-10-01,2018-10-02,2018-10-06,9,24,19,20,10,1,4
1422,BBFF,2018-09-18,2018-09-20,2018-10-02,2018-10-08,2018-10-08,2,20,14,20,12,6,0
1423,BBFF,2018-09-19,2018-09-27,2018-10-04,2018-10-09,2018-10-17,8,28,15,20,7,5,8
1424,LifeStyle,2018-09-21,2018-10-10,2018-10-08,2018-10-11,2018-10-12,19,21,17,20,-2,3,1
1425,BBFF,2018-03-14,2018-03-22,2018-03-18,2018-04-02,2018-04-01,8,18,4,19,-4,15,-1
1426,BBFF,2018-03-22,2018-03-27,2018-03-28,2018-04-10,2018-04-10,5,19,6,19,1,13,0
1427,BBFF,2018-03-23,2018-03-28,2018-04-06,2018-04-11,2018-04-13,5,21,14,19,9,5,2
1428,BBFF,2018-03-23,2018-03-28,2018-04-09,2018-04-11,2018-04-15,5,23,17,19,12,2,4
1429,Digital Service,2018-03-29,2018-04-11,2018-04-12,2018-04-17,2018-07-05,13,98,14,19,1,5,79
1430,BBFF,2018-04-17,2018-04-17,2018-04-29,2018-05-06,2018-05-06,0,19,12,19,12,7,0
1431,BBFF,2018-05-02,2018-05-04,2018-05-09,2018-05-21,2018-05-22,2,20,7,19,5,12,1
1432,Digital Service,2018-05-03,2018-05-08,2018-05-10,2018-05-22,2018-08-06,5,95,7,19,2,12,76
1433,LifeStyle,2018-05-03,2018-05-04,2018-05-21,2018-05-22,2018-06-16,1,44,18,19,17,1,25
1434,BBFF,2018-05-11,2018-05-29,2018-05-24,2018-05-30,2018-06-08,18,28,13,19,-5,6,9
1435,BBFF,2018-05-21,2018-05-24,2018-06-08,2018-06-09,2018-06-22,3,32,18,19,15,1,13
1436,BBFF,2018-05-25,2018-06-07,2018-06-12,2018-06-13,2018-06-13,13,19,18,19,5,1,0
1437,LifeStyle,2018-05-31,2018-06-04,2018-06-18,2018-06-19,2018-06-21,4,21,18,19,14,1,2
1438,BBFF,2018-06-07,2018-06-25,2018-06-20,2018-06-26,2018-07-04,18,27,13,19,-5,6,8
1439,Electronic,2018-07-04,2018-07-17,2018-07-20,2018-07-23,2018-08-01,13,28,16,19,3,3,9
1440,LifeStyle,2018-07-10,2018-07-27,2018-07-20,2018-07-29,2018-09-10,17,62,10,19,-7,9,43
1441,LifeStyle,2018-07-17,2018-07-28,2018-07-25,2018-08-05,2018-08-04,11,18,8,19,-3,11,-1
1442,LifeStyle,2018-07-21,2018-07-26,2018-08-03,2018-08-09,2018-08-08,5,18,13,19,8,6,-1
1443,Digital Service,2018-07-26,2018-08-13,2018-08-07,2018-08-14,2018-08-26,18,31,12,19,-6,7,12
1444,Electronic,2018-07-26,2018-07-28,2018-08-09,2018-08-14,2018-08-18,2,23,14,19,12,5,4
1445,Electronic,2018-07-30,2018-07-30,2018-08-17,2018-08-18,2018-08-19,0,20,18,19,18,1,1
1446,Electronic,2018-07-30,2018-07-30,2018-08-17,2018-08-18,2018-08-22,0,23,18,19,18,1,4
1447,Electronic,2018-07-30,2018-07-30,2018-08-17,2018-08-18,2018-09-22,0,54,18,19,18,1,35
1448,BBFF,2018-08-06,2018-08-13,2018-08-24,2018-08-25,2018-09-04,7,29,18,19,11,1,10
1449,LifeStyle,2018-08-09,2018-08-13,2018-08-13,2018-08-28,2018-09-24,4,46,4,19,0,15,27
1450,LifeStyle,2018-08-10,2018-08-16,2018-08-15,2018-08-29,2018-10-16,6,67,5,19,-1,14,48
1451,Digital Service,2018-08-18,2018-08-23,2018-09-05,2018-09-06,2018-10-11,5,54,18,19,13,1,35
1452,Electronic,2018-08-20,2018-08-28,2018-09-04,2018-09-08,2018-10-10,8,51,15,19,7,4,32
1453,Electronic,2018-08-20,2018-08-21,2018-08-25,2018-09-08,2018-09-08,1,19,5,19,4,14,0
1454,Book,2018-09-02,2018-09-04,2018-09-20,2018-09-21,2018-09-21,2,19,18,19,16,1,0
1455,Book,2018-09-05,2018-09-07,2018-09-18,2018-09-24,2018-09-25,2,20,13,19,11,6,1
1456,BBFF,2018-09-05,2018-09-06,2018-09-20,2018-09-24,2018-09-28,1,23,15,19,14,4,4
1457,LifeStyle,2018-09-13,2018-09-20,2018-09-21,2018-10-02,2018-10-11,7,28,8,19,1,11,9
1458,BBFF,2018-09-19,2018-09-26,2018-09-28,2018-10-08,2018-10-13,7,24,9,19,2,10,5
1459,Book,2018-09-20,2018-09-24,2018-09-24,2018-10-09,2018-10-10,4,20,4,19,0,15,1
1460,BBFF,2018-09-22,2018-09-25,2018-09-25,2018-10-11,2018-10-14,3,22,3,19,0,16,3
1461,BBFF,2018-03-19,2018-03-27,2018-04-03,2018-04-06,2018-04-18,8,30,15,18,7,3,12
1462,LifeStyle,2018-03-19,2018-03-27,2018-04-05,2018-04-06,2018-04-20,8,32,17,18,9,1,14
1463,BBFF,2018-03-23,2018-03-29,2018-04-05,2018-04-10,2018-04-11,6,19,13,18,7,5,1
1464,BBFF,2018-03-26,2018-04-02,2018-04-05,2018-04-13,2018-04-13,7,18,10,18,3,8,0
1465,LifeStyle,2018-03-26,2018-03-29,2018-04-07,2018-04-13,2018-04-14,3,19,12,18,9,6,1
1466,BBFF,2018-03-30,2018-04-12,2018-04-11,2018-04-17,2018-04-30,13,31,12,18,-1,6,13
1467,Digital Service,2018-04-30,2018-05-16,2018-05-10,2018-05-18,2018-05-23,16,23,10,18,-6,8,5
1468,LifeStyle,2018-05-04,2018-05-08,2018-05-09,2018-05-22,2018-05-22,4,18,5,18,1,13,0
1469,Electronic,2018-05-07,2018-05-11,2018-05-23,2018-05-25,2018-06-08,4,32,16,18,12,2,14
1470,BBFF,2018-05-08,2018-05-15,2018-05-25,2018-05-26,2018-05-27,7,19,17,18,10,1,1
1471,BBFF,2018-05-11,2018-05-16,2018-05-29,2018-05-29,2018-07-09,5,59,18,18,13,0,41
1472,BBFF,2018-05-17,2018-05-18,2018-05-30,2018-06-04,2018-06-25,1,39,13,18,12,5,21
1473,BBFF,2018-05-30,2018-06-13,2018-06-11,2018-06-17,2018-06-19,14,20,12,18,-2,6,2
1474,Electronic,2018-06-04,2018-06-18,2018-06-20,2018-06-22,2018-06-25,14,21,16,18,2,2,3
1475,Electronic,2018-06-09,2018-06-22,2018-06-26,2018-06-27,2018-08-12,13,64,17,18,4,1,46
1476,BBFF,2018-06-26,2018-07-23,2018-07-13,2018-07-14,2018-08-25,27,60,17,18,-10,1,42
1477,LifeStyle,2018-06-27,2018-07-11,2018-07-06,2018-07-15,2018-07-14,14,17,9,18,-5,9,-1
1478,BBFF,2018-07-13,2018-07-30,2018-07-26,2018-07-31,2018-08-04,17,22,13,18,-4,5,4
1479,BBFF,2018-07-13,2018-07-30,2018-07-26,2018-07-31,2018-08-08,17,26,13,18,-4,5,8
1480,LifeStyle,2018-07-14,2018-07-31,2018-07-31,2018-08-01,2018-08-05,17,22,17,18,0,1,4
1481,BBFF,2018-07-27,2018-08-07,2018-08-10,2018-08-14,2018-08-14,11,18,14,18,3,4,0
1482,LifeStyle,2018-07-28,2018-07-31,2018-08-14,2018-08-15,2018-09-20,3,54,17,18,14,1,36
1483,BBFF,2018-07-30,2018-08-08,2018-08-15,2018-08-17,2018-08-24,9,25,16,18,7,2,7
1484,BBFF,2018-08-03,2018-08-10,2018-08-20,2018-08-21,2018-08-22,7,19,17,18,10,1,1
1485,BBFF,2018-08-05,2018-08-16,2018-08-17,2018-08-23,2018-08-24,11,19,12,18,1,6,1
1486,Electronic,2018-08-06,2018-08-07,2018-08-23,2018-08-24,2018-08-25,1,19,17,18,16,1,1
1487,BBFF,2018-08-09,2018-08-13,2018-08-24,2018-08-27,2018-09-04,4,26,15,18,11,3,8
1488,BBFF,2018-08-10,2018-08-16,2018-08-16,2018-08-28,2018-09-03,6,24,6,18,0,12,6
1489,BBFF,2018-08-10,2018-08-14,2018-08-22,2018-08-28,2018-08-29,4,19,12,18,8,6,1
1490,LifeStyle,2018-08-22,2018-08-24,2018-09-08,2018-09-09,2018-09-10,2,19,17,18,15,1,1
1491,Electronic,2018-08-27,2018-08-28,2018-09-10,2018-09-14,2018-09-18,1,22,14,18,13,4,4
1492,LifeStyle,2018-09-04,2018-09-05,2018-09-21,2018-09-22,2018-10-12,1,38,17,18,16,1,20
1493,BBFF,2018-09-05,2018-09-05,2018-09-20,2018-09-23,2018-09-25,0,20,15,18,15,3,2
1494,BBFF,2018-09-06,2018-09-13,2018-09-19,2018-09-24,2018-09-24,7,18,13,18,6,5,0
1495,LifeStyle,2018-09-20,2018-09-24,2018-09-24,2018-10-08,2018-10-08,4,18,4,18,0,14,0
1496,LifeStyle,2018-03-06,2018-03-08,2018-03-15,2018-03-23,2018-03-24,2,18,9,17,7,8,1
1497,BBFF,2018-03-24,2018-04-09,2018-04-03,2018-04-10,2018-04-12,16,19,10,17,-6,7,2
1498,LifeStyle,2018-03-24,2018-03-29,2018-04-04,2018-04-10,2018-04-13,5,20,11,17,6,6,3
1499,Electronic,2018-03-24,2018-03-29,2018-04-06,2018-04-10,2018-04-18,5,25,13,17,8,4,8
1500,LifeStyle,2018-03-28,2018-04-13,2018-04-11,2018-04-14,2018-07-19,16,113,14,17,-2,3,96
1501,LifeStyle,2018-03-29,2018-03-30,2018-04-09,2018-04-15,2018-04-14,1,16,11,17,10,6,-1
1502,BBFF,2018-04-05,2018-04-12,2018-04-08,2018-04-22,2018-05-03,7,28,3,17,-4,14,11
1503,Electronic,2018-04-09,2018-05-03,2018-04-26,2018-04-26,2018-05-07,24,28,17,17,-7,0,11
1504,BBFF,2018-04-11,2018-04-17,2018-04-20,2018-04-28,2018-05-04,6,23,9,17,3,8,6
1505,LifeStyle,2018-04-17,2018-04-23,2018-05-03,2018-05-04,2018-05-17,6,30,16,17,10,1,13
1506,LifeStyle,2018-04-20,2018-05-04,2018-04-27,2018-05-07,2018-05-09,14,19,7,17,-7,10,2
1507,BBFF,2018-04-28,2018-05-02,2018-05-10,2018-05-15,2018-05-18,4,20,12,17,8,5,3
1508,Electronic,2018-05-11,2018-05-16,2018-05-25,2018-05-28,2018-05-31,5,20,14,17,9,3,3
1509,Digital Service,2018-05-12,2018-05-22,2018-05-25,2018-05-29,2018-06-04,10,23,13,17,3,4,6
1510,BBFF,2018-05-21,2018-05-25,2018-05-31,2018-06-07,2018-06-07,4,17,10,17,6,7,0
1511,BBFF,2018-05-31,2018-06-04,2018-06-13,2018-06-17,2018-08-30,4,91,13,17,9,4,74
1512,Book,2018-06-05,2018-06-21,2018-06-21,2018-06-22,2018-06-22,16,17,16,17,0,1,0
1513,BBFF,2018-06-06,2018-06-08,2018-06-21,2018-06-23,2018-06-24,2,18,15,17,13,2,1
1514,BBFF,2018-06-18,2018-06-30,2018-07-04,2018-07-05,2018-07-26,12,38,16,17,4,1,21
1515,BBFF,2018-06-23,2018-06-28,2018-07-04,2018-07-10,2018-07-11,5,18,11,17,6,6,1
1516,Electronic,2018-06-25,2018-07-05,2018-07-11,2018-07-12,2018-07-14,10,19,16,17,6,1,2
1517,Electronic,2018-07-05,2018-07-13,2018-07-20,2018-07-22,2018-07-23,8,18,15,17,7,2,1
1518,BBFF,2018-07-06,2018-07-18,2018-07-18,2018-07-23,2018-07-25,12,19,12,17,0,5,2
1519,BBFF,2018-07-10,2018-07-23,2018-07-18,2018-07-27,2018-08-06,13,27,8,17,-5,9,10
1520,Electronic,2018-07-23,2018-08-03,2018-08-08,2018-08-09,2018-10-18,11,87,16,17,5,1,70
1521,LifeStyle,2018-07-24,2018-08-07,2018-08-08,2018-08-10,2018-08-12,14,19,15,17,1,2,2
1522,LifeStyle,2018-07-24,2018-07-24,2018-07-25,2018-08-10,2018-08-12,0,19,1,17,1,16,2
1523,BBFF,2018-07-29,2018-08-06,2018-08-14,2018-08-15,2018-08-17,8,19,16,17,8,1,2
1524,BBFF,2018-07-29,2018-08-03,2018-08-09,2018-08-15,2018-08-20,5,22,11,17,6,6,5
1525,BBFF,2018-07-31,2018-08-02,2018-08-07,2018-08-17,2018-09-07,2,38,7,17,5,10,21
1526,BBFF,2018-08-09,2018-08-20,2018-08-21,2018-08-26,2018-09-23,11,45,12,17,1,5,28
1527,BBFF,2018-08-09,2018-08-15,2018-08-23,2018-08-26,2018-09-04,6,26,14,17,8,3,9
1528,BBFF,2018-08-10,2018-08-15,2018-08-21,2018-08-27,2018-08-31,5,21,11,17,6,6,4
1529,BBFF,2018-08-11,2018-08-21,2018-08-27,2018-08-28,2018-08-27,10,16,16,17,6,1,-1
1530,BBFF,2018-08-13,2018-08-15,2018-08-26,2018-08-30,2018-09-04,2,22,13,17,11,4,5
1531,BBFF,2018-08-18,2018-08-27,2018-08-24,2018-09-04,2018-10-11,9,54,6,17,-3,11,37
1532,LifeStyle,2018-08-20,2018-08-30,2018-09-04,2018-09-06,2018-09-12,10,23,15,17,5,2,6
1533,BBFF,2018-08-20,2018-08-21,2018-08-31,2018-09-06,2018-09-06,1,17,11,17,10,6,0
1534,Book,2018-08-27,2018-09-07,2018-09-07,2018-09-13,2018-09-15,11,19,11,17,0,6,2
1535,BBFF,2018-09-04,2018-09-10,2018-09-20,2018-09-21,2018-09-24,6,20,16,17,10,1,3
1536,BBFF,2018-09-08,2018-09-12,2018-09-24,2018-09-25,2018-09-28,4,20,16,17,12,1,3
1537,BBFF,2018-09-10,2018-09-13,2018-09-20,2018-09-27,2018-10-01,3,21,10,17,7,7,4
1538,BBFF,2018-09-11,2018-09-28,2018-09-27,2018-09-28,2018-10-05,17,24,16,17,-1,1,7
1539,BBFF,2018-09-11,2018-09-14,2018-09-26,2018-09-28,2018-10-07,3,26,15,17,12,2,9
1540,BBFF,2018-09-12,2018-09-25,2018-09-25,2018-09-29,2018-10-05,13,23,13,17,0,4,6
1541,BBFF,2018-09-15,2018-09-27,2018-10-02,2018-10-02,2018-10-03,12,18,17,17,5,0,1
1542,BBFF,2018-09-15,2018-09-19,2018-10-03,2018-10-02,2018-10-09,4,24,18,17,14,-1,7
1543,BBFF,2018-09-17,2018-10-16,2018-10-05,2018-10-04,2018-10-16,29,29,18,17,-11,-1,12
1544,Electronic,2018-09-19,2018-09-20,2018-09-20,2018-10-06,2018-10-11,1,22,1,17,0,16,5
1545,LifeStyle,2018-09-21,2018-10-08,2018-09-28,2018-10-08,2018-10-17,17,26,7,17,-10,10,9
1546,BBFF,2018-09-24,2018-09-24,2018-09-24,2018-10-11,2018-10-13,0,19,0,17,0,17,2
1547,BBFF,2018-03-24,2018-03-29,2018-03-29,2018-04-09,2018-04-11,5,18,5,16,0,11,2
1548,BBFF,2018-03-24,2018-03-29,2018-04-04,2018-04-09,2018-04-11,5,18,11,16,6,5,2
1549,LifeStyle,2018-03-28,2018-03-29,2018-04-06,2018-04-13,2018-04-13,1,16,9,16,8,7,0
1550,Digital Service,2018-04-03,2018-04-11,2018-04-17,2018-04-19,2018-07-07,8,95,14,16,6,2,79
1551,BBFF,2018-04-17,2018-04-23,2018-04-18,2018-05-03,2018-05-12,6,25,1,16,-5,15,9
1552,Digital Service,2018-04-23,2018-05-04,2018-05-05,2018-05-09,2018-05-10,11,17,12,16,1,4,1
1553,BBFF,2018-05-07,2018-05-09,2018-05-22,2018-05-23,2018-06-08,2,32,15,16,13,1,16
1554,BBFF,2018-05-09,2018-05-25,2018-05-24,2018-05-25,2018-05-25,16,16,15,16,-1,1,0
1555,BBFF,2018-05-29,2018-06-11,2018-06-09,2018-06-14,2018-06-14,13,16,11,16,-2,5,0
1556,LifeStyle,2018-06-01,2018-06-05,2018-06-15,2018-06-17,2018-06-18,4,17,14,16,10,2,1
1557,LifeStyle,2018-06-04,2018-06-05,2018-06-09,2018-06-20,2018-09-08,1,96,5,16,4,11,80
1558,BBFF,2018-06-11,2018-06-13,2018-06-13,2018-06-27,2018-06-30,2,19,2,16,0,14,3
1559,BBFF,2018-06-12,2018-06-26,2018-06-25,2018-06-28,2018-06-27,14,15,13,16,-1,3,-1
1560,LifeStyle,2018-06-15,2018-06-28,2018-06-22,2018-07-01,2018-08-06,13,52,7,16,-6,9,36
1561,LifeStyle,2018-06-17,2018-06-25,2018-07-02,2018-07-03,2018-07-02,8,15,15,16,7,1,-1
1562,BBFF,2018-06-18,2018-06-30,2018-07-03,2018-07-04,2018-07-04,12,16,15,16,3,1,0
1563,BBFF,2018-06-18,2018-06-25,2018-07-03,2018-07-04,2018-07-24,7,36,15,16,8,1,20
1564,BBFF,2018-07-10,2018-07-19,2018-07-24,2018-07-26,2018-08-04,9,25,14,16,5,2,9
1565,Electronic,2018-07-12,2018-07-26,2018-07-27,2018-07-28,2018-08-10,14,29,15,16,1,1,13
1566,LifeStyle,2018-07-17,2018-07-30,2018-08-01,2018-08-02,2018-08-17,13,31,15,16,2,1,15
1567,BBFF,2018-07-30,2018-07-30,2018-08-13,2018-08-15,2018-08-20,0,21,14,16,14,2,5
1568,BBFF,2018-08-01,2018-08-02,2018-08-15,2018-08-17,2018-08-24,1,23,14,16,13,2,7
1569,LifeStyle,2018-08-06,2018-08-10,2018-08-18,2018-08-22,2018-08-25,4,19,12,16,8,4,3
1570,LifeStyle,2018-08-07,2018-08-20,2018-08-22,2018-08-23,2018-09-08,13,32,15,16,2,1,16
1571,BBFF,2018-08-07,2018-08-13,2018-08-21,2018-08-23,2018-08-24,6,17,14,16,8,2,1
1572,LifeStyle,2018-08-07,2018-08-08,2018-08-15,2018-08-23,2018-08-23,1,16,8,16,7,8,0
1573,BBFF,2018-08-09,2018-08-13,2018-08-24,2018-08-25,2018-09-13,4,35,15,16,11,1,19
1574,BBFF,2018-08-09,2018-08-10,2018-08-24,2018-08-25,2018-08-25,1,16,15,16,14,1,0
1575,BBFF,2018-08-14,2018-08-22,2018-08-24,2018-08-30,2018-09-19,8,36,10,16,2,6,20
1576,BBFF,2018-08-14,2018-08-21,2018-08-29,2018-08-30,2018-09-03,7,20,15,16,8,1,4
1577,BBFF,2018-08-15,2018-08-15,2018-08-30,2018-08-31,2018-09-02,0,18,15,16,15,1,2
1578,BBFF,2018-08-16,2018-08-22,2018-08-28,2018-09-01,2018-09-22,6,37,12,16,6,4,21
1579,BBFF,2018-08-21,2018-08-22,2018-08-31,2018-09-06,2018-10-05,1,45,10,16,9,6,29
1580,BBFF,2018-08-28,2018-08-31,2018-09-07,2018-09-13,2018-09-15,3,18,10,16,7,6,2
1581,LifeStyle,2018-08-28,2018-08-29,2018-09-06,2018-09-13,2018-09-13,1,16,9,16,8,7,0
1582,BBFF,2018-08-28,2018-08-28,2018-09-12,2018-09-13,2018-09-22,0,25,15,16,15,1,9
1583,BBFF,2018-09-04,2018-09-05,2018-09-19,2018-09-20,2018-10-18,1,44,15,16,14,1,28
1584,BBFF,2018-09-05,2018-09-11,2018-09-19,2018-09-21,2018-09-22,6,17,14,16,8,2,1
1585,BBFF,2018-09-05,2018-09-06,2018-09-19,2018-09-21,2018-09-21,1,16,14,16,13,2,0
1586,LifeStyle,2018-09-10,2018-09-26,2018-09-15,2018-09-26,2018-10-16,16,36,5,16,-11,11,20
1587,BBFF,2018-09-16,2018-09-20,2018-10-02,2018-10-02,2018-10-16,4,30,16,16,12,0,14
1588,Digital Service,2018-09-18,2018-09-26,2018-09-27,2018-10-04,2018-10-12,8,24,9,16,1,7,8
1589,BBFF,2018-09-24,2018-09-28,2018-10-03,2018-10-10,2018-10-18,4,24,9,16,5,7,8
1590,BBFF,2018-09-24,2018-09-26,2018-09-26,2018-10-10,2018-10-11,2,17,2,16,0,14,1
1591,BBFF,2018-09-24,2018-09-25,2018-09-25,2018-10-10,2018-10-16,1,22,1,16,0,15,6
1592,Electronic,2018-09-25,2018-09-28,2018-09-25,2018-10-11,2018-10-12,3,17,0,16,-3,16,1
1593,Electronic,2018-03-19,2018-03-27,2018-04-02,2018-04-03,2018-05-26,8,68,14,15,6,1,53
1594,BBFF,2018-03-24,2018-03-29,2018-04-03,2018-04-08,2018-04-09,5,16,10,15,5,5,1
1595,LifeStyle,2018-03-31,2018-04-11,2018-04-04,2018-04-15,2018-04-23,11,23,4,15,-7,11,8
1596,BBFF,2018-04-03,2018-04-11,2018-04-17,2018-04-18,2018-06-23,8,81,14,15,6,1,66
1597,Electronic,2018-04-09,2018-04-20,2018-04-11,2018-04-24,2018-04-28,11,19,2,15,-9,13,4
1598,BBFF,2018-04-26,2018-04-26,2018-05-07,2018-05-11,2018-05-13,0,17,11,15,11,4,2
1599,LifeStyle,2018-05-08,2018-05-16,2018-05-22,2018-05-23,2018-06-21,8,44,14,15,6,1,29
1600,LifeStyle,2018-05-15,2018-05-16,2018-05-25,2018-05-30,2018-06-01,1,17,10,15,9,5,2
1601,LifeStyle,2018-05-21,2018-05-29,2018-06-01,2018-06-05,2018-08-01,8,72,11,15,3,4,57
1602,BBFF,2018-05-23,2018-07-31,2018-06-06,2018-06-07,2018-09-25,69,125,14,15,-55,1,110
1603,Digital Service,2018-06-13,2018-06-26,2018-06-22,2018-06-28,2018-06-28,13,15,9,15,-4,6,0
1604,LifeStyle,2018-06-20,2018-07-05,2018-06-29,2018-07-05,2018-07-09,15,19,9,15,-6,6,4
1605,BBFF,2018-06-23,2018-06-30,2018-07-07,2018-07-08,2018-07-08,7,15,14,15,7,1,0
1606,BBFF,2018-06-26,2018-07-04,2018-07-05,2018-07-11,2018-07-11,8,15,9,15,1,6,0
1607,BBFF,2018-06-27,2018-07-06,2018-07-09,2018-07-12,2018-07-12,9,15,12,15,3,3,0
1608,LifeStyle,2018-06-27,2018-07-06,2018-07-11,2018-07-12,2018-08-12,9,46,14,15,5,1,31
1609,BBFF,2018-06-29,2018-07-11,2018-07-09,2018-07-14,2018-07-19,12,20,10,15,-2,5,5
1610,Book,2018-06-29,2018-06-30,2018-07-11,2018-07-14,2018-07-19,1,20,12,15,11,3,5
1611,BBFF,2018-07-02,2018-07-09,2018-07-17,2018-07-17,2018-08-04,7,33,15,15,8,0,18
1612,LifeStyle,2018-07-10,2018-07-26,2018-07-18,2018-07-25,2018-07-26,16,16,8,15,-8,7,1
1613,Electronic,2018-07-18,2018-07-27,2018-07-30,2018-08-02,2018-08-08,9,21,12,15,3,3,6
1614,Book,2018-07-19,2018-07-20,2018-07-25,2018-08-03,2018-08-04,1,16,6,15,5,9,1
1615,LifeStyle,2018-07-26,2018-07-28,2018-08-07,2018-08-10,2018-08-14,2,19,12,15,10,3,4
1616,Book,2018-08-02,2018-08-07,2018-08-08,2018-08-17,2018-08-18,5,16,6,15,1,9,1
1617,LifeStyle,2018-08-07,2018-08-14,2018-08-15,2018-08-22,2018-08-29,7,22,8,15,1,7,7
1618,BBFF,2018-08-08,2018-08-13,2018-08-22,2018-08-23,2018-08-26,5,18,14,15,9,1,3
1619,LifeStyle,2018-08-15,2018-08-15,2018-08-29,2018-08-30,2018-09-02,0,18,14,15,14,1,3
1620,BBFF,2018-08-16,2018-08-17,2018-08-30,2018-08-31,2018-09-01,1,16,14,15,13,1,1
1621,BBFF,2018-08-22,2018-09-05,2018-08-31,2018-09-06,2018-09-07,14,16,9,15,-5,6,1
1622,LifeStyle,2018-08-22,2018-08-23,2018-09-05,2018-09-06,2018-09-13,1,22,14,15,13,1,7
1623,BBFF,2018-08-29,2018-09-10,2018-09-12,2018-09-13,2018-09-18,12,20,14,15,2,1,5
1624,LifeStyle,2018-08-29,2018-08-30,2018-09-12,2018-09-13,2018-09-13,1,15,14,15,13,1,0
1625,BBFF,2018-09-04,2018-09-06,2018-09-18,2018-09-19,2018-09-30,2,26,14,15,12,1,11
1626,Digital Service,2018-09-06,2018-09-13,2018-09-21,2018-09-21,2018-09-26,7,20,15,15,8,0,5
1627,BBFF,2018-09-10,2018-09-13,2018-09-18,2018-09-25,2018-09-29,3,19,8,15,5,7,4
1628,LifeStyle,2018-09-14,2018-09-17,2018-09-18,2018-09-29,2018-10-11,3,27,4,15,1,11,12
1629,LifeStyle,2018-09-19,2018-09-24,2018-10-04,2018-10-04,2018-10-12,5,23,15,15,10,0,8
1630,BBFF,2018-09-20,2018-09-20,2018-09-20,2018-10-05,2018-10-07,0,17,0,15,0,15,2
1631,BBFF,2018-09-24,2018-09-25,2018-09-25,2018-10-09,2018-10-09,1,15,1,15,0,14,0
1632,BBFF,2018-09-26,2018-10-09,2018-10-10,2018-10-11,2018-10-15,13,19,14,15,1,1,4
1633,BBFF,2018-09-28,2018-09-28,2018-09-29,2018-10-13,2018-10-15,0,17,1,15,1,14,2
1634,BBFF,2018-09-30,2018-10-04,2018-10-11,2018-10-15,2018-10-16,4,16,11,15,7,4,1
1635,BBFF,2018-03-23,2018-03-29,2018-04-04,2018-04-06,2018-04-07,6,15,12,14,6,2,1
1636,Electronic,2018-03-24,2018-03-30,2018-04-06,2018-04-07,2018-04-08,6,15,13,14,7,1,1
1637,Electronic,2018-03-24,2018-03-30,2018-04-06,2018-04-07,2018-04-11,6,18,13,14,7,1,4
1638,LifeStyle,2018-03-24,2018-03-29,2018-04-03,2018-04-07,2018-04-08,5,15,10,14,5,4,1
1639,BBFF,2018-03-24,2018-03-28,2018-04-06,2018-04-07,2018-04-08,4,15,13,14,9,1,1
1640,Book,2018-03-26,2018-03-26,2018-03-30,2018-04-09,2018-04-10,0,15,4,14,4,10,1
1641,Digital Service,2018-03-28,2018-03-30,2018-04-06,2018-04-11,2018-08-17,2,142,9,14,7,5,128
1642,LifeStyle,2018-04-04,2018-05-14,2018-04-09,2018-04-18,2018-05-15,40,41,5,14,-35,9,27
1643,BBFF,2018-04-04,2018-04-17,2018-04-17,2018-04-18,2018-04-21,13,17,13,14,0,1,3
1644,BBFF,2018-04-06,2018-04-19,2018-04-12,2018-04-20,2018-04-20,13,14,6,14,-7,8,0
1645,Electronic,2018-04-12,2018-04-18,2018-04-24,2018-04-26,2018-05-03,6,21,12,14,6,2,7
1646,LifeStyle,2018-04-14,2018-04-23,2018-04-24,2018-04-28,2018-09-18,9,157,10,14,1,4,143
1647,Book,2018-04-29,2018-05-10,2018-05-03,2018-05-13,2018-05-14,11,15,4,14,-7,10,1
1648,BBFF,2018-05-16,2018-05-22,2018-05-23,2018-05-30,2018-06-05,6,20,7,14,1,7,6
1649,BBFF,2018-05-29,2018-05-31,2018-06-10,2018-06-12,2018-06-12,2,14,12,14,10,2,0
1650,BBFF,2018-05-31,2018-06-04,2018-06-13,2018-06-14,2018-06-13,4,13,13,14,9,1,-1
1651,BBFF,2018-06-05,2018-06-18,2018-06-18,2018-06-19,2018-06-20,13,15,13,14,0,1,1
1652,BBFF,2018-06-06,2018-06-15,2018-06-15,2018-06-20,2018-07-05,9,29,9,14,0,5,15
1653,LifeStyle,2018-06-07,2018-06-07,2018-06-15,2018-06-21,2018-10-06,0,121,8,14,8,6,107
1654,LifeStyle,2018-06-08,2018-06-28,2018-06-18,2018-06-22,2018-10-04,20,118,10,14,-10,4,104
1655,BBFF,2018-06-21,2018-06-28,2018-07-02,2018-07-05,2018-07-05,7,14,11,14,4,3,0
1656,BBFF,2018-06-27,2018-07-24,2018-07-09,2018-07-11,2018-07-25,27,28,12,14,-15,2,14
1657,BBFF,2018-07-10,2018-08-14,2018-07-20,2018-07-24,2018-09-08,35,60,10,14,-25,4,46
1658,BBFF,2018-07-12,2018-07-20,2018-07-25,2018-07-26,2018-08-04,8,23,13,14,5,1,9
1659,Book,2018-07-14,2018-07-25,2018-07-17,2018-07-28,2018-07-28,11,14,3,14,-8,11,0
1660,BBFF,2018-07-17,2018-07-20,2018-07-30,2018-07-31,2018-07-31,3,14,13,14,10,1,0
1661,BBFF,2018-07-26,2018-07-31,2018-08-02,2018-08-09,2018-08-09,5,14,7,14,2,7,0
1662,BBFF,2018-07-26,2018-07-29,2018-08-02,2018-08-09,2018-08-19,3,24,7,14,4,7,10
1663,Book,2018-08-01,2018-08-09,2018-08-08,2018-08-15,2018-08-20,8,19,7,14,-1,7,5
1664,LifeStyle,2018-08-03,2018-08-07,2018-08-10,2018-08-17,2018-09-07,4,35,7,14,3,7,21
1665,LifeStyle,2018-08-09,2018-08-14,2018-08-20,2018-08-23,2018-08-24,5,15,11,14,6,3,1
1666,Electronic,2018-08-11,2018-08-15,2018-08-14,2018-08-25,2018-08-26,4,15,3,14,-1,11,1
1667,LifeStyle,2018-08-15,2018-08-16,2018-08-20,2018-08-29,2018-08-30,1,15,5,14,4,9,1
1668,BBFF,2018-08-23,2018-08-27,2018-09-06,2018-09-06,2018-09-06,4,14,14,14,10,0,0
1669,BBFF,2018-09-01,2018-09-10,2018-09-13,2018-09-15,2018-09-18,9,17,12,14,3,2,3
1670,Book,2018-09-11,2018-09-13,2018-09-13,2018-09-25,2018-10-02,2,21,2,14,0,12,7
1671,Electronic,2018-09-12,2018-09-13,2018-09-20,2018-09-26,2018-09-30,1,18,8,14,7,6,4
1672,BBFF,2018-09-13,2018-09-17,2018-09-26,2018-09-27,2018-09-29,4,16,13,14,9,1,2
1673,BBFF,2018-09-19,2018-09-22,2018-09-25,2018-10-03,2018-10-04,3,15,6,14,3,8,1
1674,Book,2018-09-19,2018-09-20,2018-09-27,2018-10-03,2018-10-06,1,17,8,14,7,6,3
1675,Electronic,2018-09-27,2018-09-28,2018-10-02,2018-10-11,2018-10-12,1,15,5,14,4,9,1
1676,LifeStyle,2018-10-03,2018-10-11,2018-10-17,2018-10-17,2018-10-18,8,15,14,14,6,0,1
1677,Electronic,2018-03-24,2018-03-28,2018-04-05,2018-04-06,2018-04-07,4,14,12,13,8,1,1
1678,Book,2018-03-28,2018-03-30,2018-04-04,2018-04-10,2018-04-10,2,13,7,13,5,6,0
1679,Digital Service,2018-03-29,2018-03-30,2018-04-09,2018-04-11,2018-04-11,1,13,11,13,10,2,0
1680,Electronic,2018-04-03,2018-04-11,2018-04-14,2018-04-16,2018-05-11,8,38,11,13,3,2,25
1681,Book,2018-04-14,2018-04-20,2018-04-16,2018-04-27,2018-04-28,6,14,2,13,-4,11,1
1682,Book,2018-04-27,2018-05-03,2018-05-07,2018-05-10,2018-05-10,6,13,10,13,4,3,0
1683,BBFF,2018-05-09,2018-05-11,2018-05-21,2018-05-22,2018-06-04,2,26,12,13,10,1,13
1684,BBFF,2018-05-16,2018-05-21,2018-05-16,2018-05-29,2018-06-20,5,35,0,13,-5,13,22
1685,LifeStyle,2018-05-16,2018-05-21,2018-05-29,2018-05-29,2018-06-06,5,21,13,13,8,0,8
1686,LifeStyle,2018-05-17,2018-05-22,2018-05-28,2018-05-30,2018-06-06,5,20,11,13,6,2,7
1687,Digital Service,2018-05-23,2018-05-31,2018-06-01,2018-06-05,2018-06-07,8,15,9,13,1,4,2
1688,Electronic,2018-05-25,2018-06-05,2018-06-06,2018-06-07,2018-06-20,11,26,12,13,1,1,13
1689,Electronic,2018-05-30,2018-06-08,2018-06-04,2018-06-12,2018-06-12,9,13,5,13,-4,8,0
1690,BBFF,2018-06-01,2018-06-11,2018-06-13,2018-06-14,2018-07-14,10,43,12,13,2,1,30
1691,Digital Service,2018-06-04,2018-06-12,2018-06-06,2018-06-17,2018-08-10,8,67,2,13,-6,11,54
1692,LifeStyle,2018-06-04,2018-06-11,2018-06-14,2018-06-17,2018-07-30,7,56,10,13,3,3,43
1693,BBFF,2018-06-04,2018-06-08,2018-06-13,2018-06-17,2018-07-05,4,31,9,13,5,4,18
1694,Book,2018-06-06,2018-06-14,2018-06-12,2018-06-19,2018-06-19,8,13,6,13,-2,7,0
1695,Book,2018-06-10,2018-06-18,2018-06-12,2018-06-23,2018-06-22,8,12,2,13,-6,11,-1
1696,BBFF,2018-06-12,2018-06-19,2018-06-20,2018-06-25,2018-09-07,7,87,8,13,1,5,74
1697,Electronic,2018-06-13,2018-06-25,2018-06-25,2018-06-26,2018-06-27,12,14,12,13,0,1,1
1698,BBFF,2018-06-17,2018-06-27,2018-06-27,2018-06-30,2018-07-16,10,29,10,13,0,3,16
1699,BBFF,2018-06-20,2018-06-29,2018-07-02,2018-07-03,2018-08-07,9,48,12,13,3,1,35
1700,BBFF,2018-06-20,2018-06-26,2018-06-30,2018-07-03,2018-10-18,6,120,10,13,4,3,107
1701,BBFF,2018-06-26,2018-06-29,2018-07-06,2018-07-09,2018-07-10,3,14,10,13,7,3,1
1702,BBFF,2018-07-04,2018-07-12,2018-07-13,2018-07-17,2018-07-26,8,22,9,13,1,4,9
1703,Book,2018-07-12,2018-07-19,2018-07-12,2018-07-25,2018-07-26,7,14,0,13,-7,13,1
1704,BBFF,2018-07-14,2018-07-24,2018-07-17,2018-07-27,2018-08-01,10,18,3,13,-7,10,5
1705,BBFF,2018-07-18,2018-07-25,2018-07-27,2018-07-31,2018-07-31,7,13,9,13,2,4,0
1706,BBFF,2018-07-20,2018-07-26,2018-08-01,2018-08-02,2018-08-18,6,29,12,13,6,1,16
1707,LifeStyle,2018-07-20,2018-07-25,2018-07-25,2018-08-02,2018-08-07,5,18,5,13,0,8,5
1708,BBFF,2018-07-20,2018-07-25,2018-08-01,2018-08-02,2018-08-09,5,20,12,13,7,1,7
1709,Book,2018-08-01,2018-08-03,2018-08-03,2018-08-14,2018-08-14,2,13,2,13,0,11,0
1710,Electronic,2018-08-03,2018-08-07,2018-08-15,2018-08-16,2018-08-16,4,13,12,13,8,1,0
1711,BBFF,2018-08-07,2018-08-08,2018-08-15,2018-08-20,2018-08-21,1,14,8,13,7,5,1
1712,LifeStyle,2018-08-09,2018-08-14,2018-08-17,2018-08-22,2018-08-22,5,13,8,13,3,5,0
1713,Electronic,2018-08-10,2018-08-13,2018-08-22,2018-08-23,2018-08-24,3,14,12,13,9,1,1
1714,LifeStyle,2018-08-15,2018-08-29,2018-08-27,2018-08-28,2018-09-29,14,45,12,13,-2,1,32
1715,Book,2018-08-28,2018-09-04,2018-09-08,2018-09-10,2018-09-29,7,32,11,13,4,2,19
1716,LifeStyle,2018-08-31,2018-09-13,2018-09-13,2018-09-13,2018-10-09,13,39,13,13,0,0,26
1717,BBFF,2018-08-31,2018-09-11,2018-09-13,2018-09-13,2018-09-17,11,17,13,13,2,0,4
1718,LifeStyle,2018-09-03,2018-09-07,2018-09-11,2018-09-16,2018-09-19,4,16,8,13,4,5,3
1719,Book,2018-09-05,2018-09-10,2018-09-05,2018-09-18,2018-09-18,5,13,0,13,-5,13,0
1720,Electronic,2018-09-06,2018-09-18,2018-09-19,2018-09-19,2018-09-30,12,24,13,13,1,0,11
1721,Electronic,2018-09-07,2018-09-12,2018-09-17,2018-09-20,2018-10-05,5,28,10,13,5,3,15
1722,Digital Service,2018-09-11,2018-09-12,2018-09-19,2018-09-24,2018-10-11,1,30,8,13,7,5,17
1723,BBFF,2018-09-13,2018-09-20,2018-09-24,2018-09-26,2018-10-04,7,21,11,13,4,2,8
1724,LifeStyle,2018-09-18,2018-09-20,2018-09-26,2018-10-01,2018-10-08,2,20,8,13,6,5,7
1725,LifeStyle,2018-09-20,2018-09-26,2018-10-01,2018-10-03,2018-10-17,6,27,11,13,5,2,14
1726,Electronic,2018-09-21,2018-09-24,2018-09-27,2018-10-04,2018-10-08,3,17,6,13,3,7,4
1727,BBFF,2018-09-25,2018-09-28,2018-10-05,2018-10-08,2018-10-09,3,14,10,13,7,3,1
1728,BBFF,2018-09-25,2018-09-26,2018-09-26,2018-10-08,2018-10-17,1,22,1,13,0,12,9
1729,BBFF,2018-09-27,2018-09-28,2018-09-28,2018-10-10,2018-10-10,1,13,1,13,0,12,0
1730,BBFF,2018-03-21,2018-03-31,2018-03-30,2018-04-02,2018-03-31,10,10,9,12,-1,3,-2
1731,Book,2018-03-28,2018-03-29,2018-04-06,2018-04-09,2018-04-13,1,16,9,12,8,3,4
1732,BBFF,2018-04-06,2018-04-11,2018-04-13,2018-04-18,2018-04-20,5,14,7,12,2,5,2
1733,LifeStyle,2018-04-22,2018-05-02,2018-05-02,2018-05-04,2018-05-24,10,32,10,12,0,2,20
1734,Electronic,2018-04-23,2018-05-02,2018-05-04,2018-05-05,2018-05-04,9,11,11,12,2,1,-1
1735,BBFF,2018-05-02,2018-05-23,2018-05-13,2018-05-14,2018-07-01,21,60,11,12,-10,1,48
1736,BBFF,2018-05-09,2018-05-10,2018-05-14,2018-05-21,2018-05-21,1,12,5,12,4,7,0
1737,BBFF,2018-05-11,2018-05-14,2018-05-16,2018-05-23,2018-05-25,3,14,5,12,2,7,2
1738,Book,2018-05-17,2018-07-27,2018-05-29,2018-05-29,2018-07-27,71,71,12,12,-59,0,59
1739,BBFF,2018-05-18,2018-05-23,2018-05-30,2018-05-30,2018-06-01,5,14,12,12,7,0,2
1740,BBFF,2018-05-18,2018-05-21,2018-05-28,2018-05-30,2018-06-06,3,19,10,12,7,2,7
1741,Digital Service,2018-05-23,2018-05-30,2018-06-01,2018-06-04,2018-06-19,7,27,9,12,2,3,15
1742,BBFF,2018-06-01,2018-06-04,2018-06-08,2018-06-13,2018-06-13,3,12,7,12,4,5,0
1743,LifeStyle,2018-06-09,2018-06-13,2018-06-12,2018-06-21,2018-06-26,4,17,3,12,-1,9,5
1744,LifeStyle,2018-06-18,2018-06-25,2018-06-27,2018-06-30,2018-07-02,7,14,9,12,2,3,2
1745,Book,2018-07-12,2018-07-20,2018-07-20,2018-07-24,2018-08-02,8,21,8,12,0,4,9
1746,BBFF,2018-07-18,2018-07-25,2018-07-26,2018-07-30,2018-07-31,7,13,8,12,1,4,1
1747,Book,2018-07-19,2018-07-26,2018-07-26,2018-07-31,2018-10-10,7,83,7,12,0,5,71
1748,LifeStyle,2018-07-25,2018-07-28,2018-07-31,2018-08-06,2018-09-17,3,54,6,12,3,6,42
1749,LifeStyle,2018-07-30,2018-08-03,2018-08-08,2018-08-11,2018-08-14,4,15,9,12,5,3,3
1750,BBFF,2018-08-03,2018-08-27,2018-08-14,2018-08-15,2018-08-31,24,28,11,12,-13,1,16
1751,BBFF,2018-08-03,2018-08-10,2018-08-14,2018-08-15,2018-08-24,7,21,11,12,4,1,9
1752,LifeStyle,2018-08-03,2018-08-06,2018-08-13,2018-08-15,2018-08-31,3,28,10,12,7,2,16
1753,BBFF,2018-08-09,2018-08-16,2018-08-20,2018-08-21,2018-08-21,7,12,11,12,4,1,0
1754,BBFF,2018-08-09,2018-08-15,2018-08-18,2018-08-21,2018-09-24,6,46,9,12,3,3,34
1755,Digital Service,2018-08-13,2018-08-23,2018-08-24,2018-08-25,2018-08-27,10,14,11,12,1,1,2
1756,BBFF,2018-08-13,2018-08-21,2018-08-24,2018-08-25,2018-08-27,8,14,11,12,3,1,2
1757,Digital Service,2018-08-13,2018-08-14,2018-08-24,2018-08-25,2018-09-11,1,29,11,12,10,1,17
1758,BBFF,2018-08-23,2018-08-23,2018-08-31,2018-09-04,2018-10-14,0,52,8,12,8,4,40
1759,LifeStyle,2018-08-27,2018-08-28,2018-08-27,2018-09-08,2018-10-18,1,52,0,12,-1,12,40
1760,BBFF,2018-08-31,2018-09-06,2018-09-11,2018-09-12,2018-09-14,6,14,11,12,5,1,2
1761,BBFF,2018-09-05,2018-09-11,2018-09-17,2018-09-17,2018-09-17,6,12,12,12,6,0,0
1762,Book,2018-09-08,2018-09-11,2018-09-13,2018-09-20,2018-09-28,3,20,5,12,2,7,8
1763,Digital Service,2018-09-14,2018-09-25,2018-09-21,2018-09-26,2018-09-26,11,12,7,12,-4,5,0
1764,BBFF,2018-09-14,2018-09-21,2018-09-25,2018-09-26,2018-09-26,7,12,11,12,4,1,0
1765,Book,2018-09-15,2018-09-21,2018-09-26,2018-09-27,2018-09-27,6,12,11,12,5,1,0
1766,BBFF,2018-09-17,2018-09-21,2018-09-28,2018-09-29,2018-10-03,4,16,11,12,7,1,4
1767,LifeStyle,2018-09-17,2018-09-18,2018-09-27,2018-09-29,2018-10-08,1,21,10,12,9,2,9
1768,Digital Service,2018-09-20,2018-09-24,2018-10-02,2018-10-02,2018-10-09,4,19,12,12,8,0,7
1769,BBFF,2018-09-20,2018-09-21,2018-09-20,2018-10-02,2018-10-06,1,16,0,12,-1,12,4
1770,LifeStyle,2018-09-27,2018-09-28,2018-09-28,2018-10-09,2018-10-11,1,14,1,12,0,11,2
1771,BBFF,2018-10-02,2018-10-02,2018-10-13,2018-10-14,2018-10-17,0,15,11,12,11,1,3
1772,BBFF,2018-03-23,2018-03-29,2018-03-26,2018-04-03,2018-04-03,6,11,3,11,-3,8,0
1773,BBFF,2018-03-23,2018-03-28,2018-03-23,2018-04-03,2018-04-02,5,10,0,11,-5,11,-1
1774,Digital Service,2018-03-24,2018-03-28,2018-04-03,2018-04-04,2018-05-07,4,44,10,11,6,1,33
1775,BBFF,2018-03-26,2018-03-28,2018-04-05,2018-04-06,2018-04-07,2,12,10,11,8,1,1
1776,Electronic,2018-04-04,2018-04-11,2018-04-14,2018-04-15,2018-04-21,7,17,10,11,3,1,6
1777,Electronic,2018-04-10,2018-04-12,2018-04-20,2018-04-21,2018-05-11,2,31,10,11,8,1,20
1778,LifeStyle,2018-05-05,2018-05-08,2018-05-08,2018-05-16,2018-05-18,3,13,3,11,0,8,2
1779,BBFF,2018-05-07,2018-05-07,2018-05-15,2018-05-18,2018-05-18,0,11,8,11,8,3,0
1780,BBFF,2018-05-14,2018-05-18,2018-05-23,2018-05-25,2018-05-28,4,14,9,11,5,2,3
1781,Electronic,2018-05-15,2018-05-16,2018-05-25,2018-05-26,2018-05-26,1,11,10,11,9,1,0
1782,Digital Service,2018-05-18,2018-05-25,2018-05-29,2018-05-29,2018-05-31,7,13,11,11,4,0,2
1783,Digital Service,2018-05-24,2018-06-01,2018-05-30,2018-06-04,2018-06-08,8,15,6,11,-2,5,4
1784,BBFF,2018-06-06,2018-06-15,2018-06-14,2018-06-17,2018-06-26,9,20,8,11,-1,3,9
1785,BBFF,2018-06-08,2018-06-20,2018-06-14,2018-06-19,2018-06-22,12,14,6,11,-6,5,3
1786,BBFF,2018-06-29,2018-06-30,2018-07-09,2018-07-10,2018-07-10,1,11,10,11,9,1,0
1787,Electronic,2018-07-11,2018-07-20,2018-07-17,2018-07-22,2018-08-05,9,25,6,11,-3,5,14
1788,LifeStyle,2018-07-12,2018-07-19,2018-07-20,2018-07-23,2018-07-27,7,15,8,11,1,3,4
1789,LifeStyle,2018-07-16,2018-07-19,2018-07-26,2018-07-27,2018-08-02,3,17,10,11,7,1,6
1790,BBFF,2018-07-17,2018-07-24,2018-07-26,2018-07-28,2018-08-23,7,37,9,11,2,2,26
1791,BBFF,2018-07-24,2018-07-27,2018-08-01,2018-08-04,2018-08-03,3,10,8,11,5,3,-1
1792,LifeStyle,2018-07-24,2018-07-26,2018-08-02,2018-08-04,2018-08-04,2,11,9,11,7,2,0
1793,BBFF,2018-07-25,2018-07-29,2018-08-01,2018-08-05,2018-08-05,4,11,7,11,3,4,0
1794,BBFF,2018-07-26,2018-07-27,2018-08-04,2018-08-06,2018-08-06,1,11,9,11,8,2,0
1795,LifeStyle,2018-07-30,2018-07-31,2018-08-07,2018-08-10,2018-08-10,1,11,8,11,7,3,0
1796,BBFF,2018-08-03,2018-08-07,2018-08-11,2018-08-14,2018-08-16,4,13,8,11,4,3,2
1797,BBFF,2018-08-06,2018-08-15,2018-08-13,2018-08-17,2018-09-25,9,50,7,11,-2,4,39
1798,BBFF,2018-08-07,2018-08-09,2018-08-16,2018-08-18,2018-08-20,2,13,9,11,7,2,2
1799,LifeStyle,2018-08-10,2018-08-14,2018-08-20,2018-08-21,2018-08-25,4,15,10,11,6,1,4
1800,LifeStyle,2018-08-12,2018-08-14,2018-08-20,2018-08-23,2018-08-24,2,12,8,11,6,3,1
1801,BBFF,2018-08-13,2018-08-15,2018-08-17,2018-08-24,2018-09-15,2,33,4,11,2,7,22
1802,LifeStyle,2018-08-20,2018-08-27,2018-08-30,2018-08-31,2018-09-25,7,36,10,11,3,1,25
1803,BBFF,2018-08-20,2018-08-21,2018-08-30,2018-08-31,2018-08-31,1,11,10,11,9,1,0
1804,Electronic,2018-08-27,2018-08-28,2018-09-04,2018-09-07,2018-09-04,1,8,8,11,7,3,-3
1805,LifeStyle,2018-08-28,2018-09-04,2018-09-07,2018-09-08,2018-09-11,7,14,10,11,3,1,3
1806,Electronic,2018-09-06,2018-09-17,2018-09-08,2018-09-17,2018-09-18,11,12,2,11,-9,9,1
1807,Book,2018-09-10,2018-09-12,2018-09-18,2018-09-21,2018-09-21,2,11,8,11,6,3,0
1808,BBFF,2018-09-17,2018-10-09,2018-09-26,2018-09-28,2018-10-10,22,23,9,11,-13,2,12
1809,LifeStyle,2018-09-18,2018-09-27,2018-09-26,2018-09-29,2018-09-30,9,12,8,11,-1,3,1
1810,BBFF,2018-09-18,2018-09-20,2018-09-26,2018-09-29,2018-10-06,2,18,8,11,6,3,7
1811,BBFF,2018-09-18,2018-09-19,2018-09-21,2018-09-29,2018-10-01,1,13,3,11,2,8,2
1812,Electronic,2018-09-21,2018-09-21,2018-09-21,2018-10-02,2018-10-05,0,14,0,11,0,11,3
1813,BBFF,2018-09-25,2018-10-08,2018-10-06,2018-10-06,2018-10-09,13,14,11,11,-2,0,3
1814,BBFF,2018-09-25,2018-09-25,2018-09-25,2018-10-06,2018-10-06,0,11,0,11,0,11,0
1815,BBFF,2018-09-27,2018-09-27,2018-10-05,2018-10-08,2018-10-12,0,15,8,11,8,3,4
1816,BBFF,2018-09-28,2018-10-08,2018-10-09,2018-10-09,2018-10-13,10,15,11,11,1,0,4
1817,BBFF,2018-09-29,2018-09-29,2018-10-05,2018-10-10,2018-10-11,0,12,6,11,6,5,1
1818,Electronic,2018-03-12,2018-03-21,2018-03-21,2018-03-22,2018-08-29,9,170,9,10,0,1,160
1819,Electronic,2018-04-09,2018-04-13,2018-04-16,2018-04-19,2018-05-02,4,23,7,10,3,3,13
1820,LifeStyle,2018-04-30,2018-05-04,2018-05-09,2018-05-10,2018-05-16,4,16,9,10,5,1,6
1821,LifeStyle,2018-05-02,2018-05-07,2018-05-11,2018-05-12,2018-09-01,5,122,9,10,4,1,112
1822,BBFF,2018-05-04,2018-05-07,2018-05-08,2018-05-14,2018-06-02,3,29,4,10,1,6,19
1823,LifeStyle,2018-05-07,2018-05-10,2018-05-16,2018-05-17,2018-05-18,3,11,9,10,6,1,1
1824,BBFF,2018-05-14,2018-05-15,2018-05-23,2018-05-24,2018-06-09,1,26,9,10,8,1,16
1825,Book,2018-06-01,2018-06-01,2018-06-10,2018-06-11,2018-06-24,0,23,9,10,9,1,13
1826,BBFF,2018-06-04,2018-06-06,2018-06-12,2018-06-14,2018-07-14,2,40,8,10,6,2,30
1827,BBFF,2018-06-19,2018-06-26,2018-06-28,2018-06-29,2018-08-30,7,72,9,10,2,1,62
1828,LifeStyle,2018-06-25,2018-06-30,2018-07-02,2018-07-05,2018-07-19,5,24,7,10,2,3,14
1829,BBFF,2018-07-01,2018-07-29,2018-07-11,2018-07-11,2018-08-01,28,31,10,10,-18,0,21
1830,BBFF,2018-07-02,2018-07-11,2018-07-05,2018-07-12,2018-07-13,9,11,3,10,-6,7,1
1831,LifeStyle,2018-07-09,2018-07-20,2018-07-12,2018-07-19,2018-08-23,11,45,3,10,-8,7,35
1832,Electronic,2018-07-18,2018-07-26,2018-07-26,2018-07-28,2018-07-31,8,13,8,10,0,2,3
1833,LifeStyle,2018-07-18,2018-07-25,2018-07-25,2018-07-28,2018-08-10,7,23,7,10,0,3,13
1834,BBFF,2018-07-28,2018-07-30,2018-08-06,2018-08-07,2018-08-08,2,11,9,10,7,1,1
1835,BBFF,2018-07-30,2018-07-31,2018-08-08,2018-08-09,2018-08-23,1,24,9,10,8,1,14
1836,LifeStyle,2018-08-01,2018-08-02,2018-08-09,2018-08-11,2018-08-17,1,16,8,10,7,2,6
1837,LifeStyle,2018-08-06,2018-08-08,2018-08-08,2018-08-16,2018-08-22,2,16,2,10,0,8,6
1838,BBFF,2018-08-06,2018-08-08,2018-08-15,2018-08-16,2018-08-17,2,11,9,10,7,1,1
1839,Book,2018-08-08,2018-08-10,2018-08-14,2018-08-18,2018-09-12,2,35,6,10,4,4,25
1840,LifeStyle,2018-08-08,2018-08-10,2018-08-16,2018-08-18,2018-09-23,2,46,8,10,6,2,36
1841,LifeStyle,2018-08-13,2018-08-21,2018-08-21,2018-08-23,2018-09-25,8,43,8,10,0,2,33
1842,BBFF,2018-08-14,2018-08-16,2018-08-22,2018-08-24,2018-09-06,2,23,8,10,6,2,13
1843,BBFF,2018-09-04,2018-09-05,2018-09-05,2018-09-14,2018-10-05,1,31,1,10,0,9,21
1844,Electronic,2018-09-07,2018-09-10,2018-09-13,2018-09-17,2018-09-25,3,18,6,10,3,4,8
1845,BBFF,2018-09-08,2018-09-10,2018-09-17,2018-09-18,2018-09-24,2,16,9,10,7,1,6
1846,LifeStyle,2018-09-11,2018-09-17,2018-09-20,2018-09-21,2018-09-22,6,11,9,10,3,1,1
1847,BBFF,2018-09-11,2018-09-13,2018-09-21,2018-09-21,2018-10-09,2,28,10,10,8,0,18
1848,Electronic,2018-09-18,2018-09-19,2018-09-27,2018-09-28,2018-10-12,1,24,9,10,8,1,14
1849,LifeStyle,2018-09-19,2018-09-26,2018-09-28,2018-09-29,2018-10-05,7,16,9,10,2,1,6
1850,BBFF,2018-09-22,2018-09-24,2018-09-22,2018-10-02,2018-10-04,2,12,0,10,-2,10,2
1851,Electronic,2018-09-24,2018-09-27,2018-09-28,2018-10-04,2018-10-04,3,10,4,10,1,6,0
1852,BBFF,2018-09-28,2018-10-01,2018-10-05,2018-10-08,2018-10-11,3,13,7,10,4,3,3
1853,BBFF,2018-09-28,2018-09-29,2018-09-29,2018-10-08,2018-10-16,1,18,1,10,0,9,8
1854,BBFF,2018-09-28,2018-09-29,2018-10-04,2018-10-08,2018-10-13,1,15,6,10,5,4,5
1855,BBFF,2018-09-28,2018-09-28,2018-10-06,2018-10-08,2018-10-08,0,10,8,10,8,2,0
1856,BBFF,2018-10-01,2018-10-02,2018-10-02,2018-10-11,2018-10-12,1,11,1,10,0,9,1
1857,BBFF,2018-10-05,2018-10-09,2018-10-11,2018-10-15,2018-10-15,4,10,6,10,2,4,0
1858,Electronic,2018-03-19,2018-04-04,2018-03-24,2018-03-28,2018-04-29,16,41,5,9,-11,4,32
1859,Electronic,2018-03-24,2018-03-29,2018-03-31,2018-04-02,2018-06-27,5,95,7,9,2,2,86
1860,BBFF,2018-04-05,2018-04-17,2018-04-09,2018-04-14,2018-05-23,12,48,4,9,-8,5,39
1861,BBFF,2018-04-09,2018-04-13,2018-04-16,2018-04-18,2018-04-22,4,13,7,9,3,2,4
1862,Electronic,2018-04-10,2018-04-17,2018-04-17,2018-04-19,2018-04-19,7,9,7,9,0,2,0
1863,BBFF,2018-04-10,2018-04-17,2018-04-17,2018-04-19,2018-04-23,7,13,7,9,0,2,4
1864,Book,2018-04-11,2018-04-23,2018-04-12,2018-04-20,2018-04-27,12,16,1,9,-11,8,7
1865,Electronic,2018-04-17,2018-04-19,2018-04-20,2018-04-26,2018-05-08,2,21,3,9,1,6,12
1866,BBFF,2018-05-08,2018-05-11,2018-05-14,2018-05-17,2018-06-04,3,27,6,9,3,3,18
1867,BBFF,2018-05-08,2018-05-11,2018-05-15,2018-05-17,2018-07-10,3,63,7,9,4,2,54
1868,Book,2018-05-10,2018-05-16,2018-05-17,2018-05-19,2018-05-21,6,11,7,9,1,2,2
1869,LifeStyle,2018-05-16,2018-05-21,2018-05-24,2018-05-25,2018-05-26,5,10,8,9,3,1,1
1870,BBFF,2018-05-26,2018-06-01,2018-05-31,2018-06-04,2018-06-10,6,15,5,9,-1,4,6
1871,Electronic,2018-05-30,2018-06-04,2018-06-06,2018-06-08,2018-06-27,5,28,7,9,2,2,19
1872,Book,2018-06-05,2018-06-06,2018-06-12,2018-06-14,2018-06-13,1,8,7,9,6,2,-1
1873,BBFF,2018-06-13,2018-06-20,2018-06-18,2018-06-22,2018-06-22,7,9,5,9,-2,4,0
1874,Digital Service,2018-06-14,2018-06-21,2018-06-22,2018-06-23,2018-07-06,7,22,8,9,1,1,13
1875,Electronic,2018-06-14,2018-06-20,2018-06-22,2018-06-23,2018-06-22,6,8,8,9,2,1,-1
1876,BBFF,2018-06-16,2018-06-20,2018-06-23,2018-06-25,2018-06-29,4,13,7,9,3,2,4
1877,BBFF,2018-06-19,2018-06-22,2018-06-26,2018-06-28,2018-07-04,3,15,7,9,4,2,6
1878,Digital Service,2018-06-27,2018-07-06,2018-07-02,2018-07-06,2018-09-13,9,78,5,9,-4,4,69
1879,Book,2018-07-18,2018-07-23,2018-07-22,2018-07-27,2018-07-31,5,13,4,9,-1,5,4
1880,BBFF,2018-07-24,2018-07-27,2018-08-01,2018-08-02,2018-08-13,3,20,8,9,5,1,11
1881,BBFF,2018-08-06,2018-08-13,2018-08-14,2018-08-15,2018-08-16,7,10,8,9,1,1,1
1882,Book,2018-08-06,2018-08-09,2018-08-09,2018-08-15,2018-08-16,3,10,3,9,0,6,1
1883,LifeStyle,2018-08-13,2018-08-16,2018-08-17,2018-08-22,2018-10-10,3,58,4,9,1,5,49
1884,LifeStyle,2018-08-13,2018-08-14,2018-08-17,2018-08-22,2018-08-23,1,10,4,9,3,5,1
1885,BBFF,2018-08-16,2018-08-22,2018-08-23,2018-08-25,2018-08-25,6,9,7,9,1,2,0
1886,LifeStyle,2018-08-16,2018-08-17,2018-08-24,2018-08-25,2018-08-25,1,9,8,9,7,1,0
1887,BBFF,2018-08-20,2018-08-22,2018-08-28,2018-08-29,2018-09-03,2,14,8,9,6,1,5
1888,BBFF,2018-08-21,2018-08-25,2018-08-23,2018-08-30,2018-08-30,4,9,2,9,-2,7,0
1889,Electronic,2018-08-22,2018-08-23,2018-08-30,2018-08-31,2018-09-05,1,14,8,9,7,1,5
1890,BBFF,2018-08-28,2018-08-30,2018-09-06,2018-09-06,2018-09-07,2,10,9,9,7,0,1
1891,BBFF,2018-08-28,2018-08-28,2018-08-28,2018-09-06,2018-09-06,0,9,0,9,0,9,0
1892,BBFF,2018-08-29,2018-08-31,2018-08-30,2018-09-07,2018-09-08,2,10,1,9,-1,8,1
1893,LifeStyle,2018-09-04,2018-09-13,2018-09-12,2018-09-13,2018-10-05,9,31,8,9,-1,1,22
1894,Digital Service,2018-09-04,2018-09-07,2018-09-13,2018-09-13,2018-09-13,3,9,9,9,6,0,0
1895,BBFF,2018-09-12,2018-09-17,2018-09-19,2018-09-21,2018-09-22,5,10,7,9,2,2,1
1896,Book,2018-09-12,2018-09-13,2018-09-16,2018-09-21,2018-09-21,1,9,4,9,3,5,0
1897,BBFF,2018-09-14,2018-09-17,2018-09-20,2018-09-23,2018-10-11,3,27,6,9,3,3,18
1898,Digital Service,2018-09-20,2018-09-27,2018-09-28,2018-09-29,2018-09-28,7,8,8,9,1,1,-1
1899,Book,2018-09-20,2018-09-24,2018-09-26,2018-09-29,2018-09-29,4,9,6,9,2,3,0
1900,LifeStyle,2018-09-20,2018-09-21,2018-09-28,2018-09-29,2018-09-28,1,8,8,9,7,1,-1
1901,Book,2018-09-25,2018-09-27,2018-09-25,2018-10-04,2018-10-05,2,10,0,9,-2,9,1
1902,LifeStyle,2018-09-25,2018-09-25,2018-09-25,2018-10-04,2018-10-06,0,11,0,9,0,9,2
1903,BBFF,2018-10-01,2018-10-01,2018-10-08,2018-10-10,2018-10-13,0,12,7,9,7,2,3
1904,BBFF,2018-10-02,2018-10-02,2018-10-11,2018-10-11,2018-10-14,0,12,9,9,9,0,3
1905,BBFF,2018-10-06,2018-10-08,2018-10-06,2018-10-15,2018-10-15,2,9,0,9,-2,9,0
1906,LifeStyle,2018-02-22,2018-03-01,2018-03-01,2018-03-02,2018-03-09,7,15,7,8,0,1,7
1907,BBFF,2018-03-22,2018-03-28,2018-03-29,2018-03-30,2018-04-04,6,13,7,8,1,1,5
1908,Book,2018-04-12,2018-04-17,2018-04-17,2018-04-20,2018-04-21,5,9,5,8,0,3,1
1909,Electronic,2018-04-20,2018-04-24,2018-04-26,2018-04-28,2018-05-16,4,26,6,8,2,2,18
1910,BBFF,2018-04-27,2018-04-27,2018-05-04,2018-05-05,2018-05-07,0,10,7,8,7,1,2
1911,BBFF,2018-04-27,2018-04-27,2018-05-04,2018-05-05,2018-05-07,0,10,7,8,7,1,2
1912,BBFF,2018-05-21,2018-05-23,2018-05-29,2018-05-29,2018-05-29,2,8,8,8,6,0,0
1913,BBFF,2018-05-31,2018-06-04,2018-06-07,2018-06-08,2018-06-19,4,19,7,8,3,1,11
1914,BBFF,2018-06-09,2018-06-14,2018-06-14,2018-06-17,2018-06-21,5,12,5,8,0,3,4
1915,BBFF,2018-06-12,2018-06-20,2018-06-19,2018-06-20,2018-06-27,8,15,7,8,-1,1,7
1916,LifeStyle,2018-06-15,2018-06-20,2018-06-22,2018-06-23,2018-07-01,5,16,7,8,2,1,8
1917,BBFF,2018-06-19,2018-06-25,2018-06-25,2018-06-27,2018-07-14,6,25,6,8,0,2,17
1918,LifeStyle,2018-06-20,2018-06-25,2018-06-25,2018-06-28,2018-06-29,5,9,5,8,0,3,1
1919,LifeStyle,2018-06-25,2018-07-31,2018-06-28,2018-07-03,2018-08-02,36,38,3,8,-33,5,30
1920,LifeStyle,2018-07-07,2018-07-11,2018-07-14,2018-07-15,2018-07-22,4,15,7,8,3,1,7
1921,Electronic,2018-07-23,2018-07-28,2018-07-30,2018-07-31,2018-08-02,5,10,7,8,2,1,2
1922,Electronic,2018-07-23,2018-07-26,2018-07-30,2018-07-31,2018-08-27,3,35,7,8,4,1,27
1923,BBFF,2018-07-26,2018-07-31,2018-08-02,2018-08-03,2018-08-07,5,12,7,8,2,1,4
1924,LifeStyle,2018-07-26,2018-07-29,2018-08-02,2018-08-03,2018-08-07,3,12,7,8,4,1,4
1925,Electronic,2018-07-27,2018-07-30,2018-08-03,2018-08-04,2018-08-10,3,14,7,8,4,1,6
1926,LifeStyle,2018-07-30,2018-07-30,2018-08-02,2018-08-07,2018-08-11,0,12,3,8,3,5,4
1927,Book,2018-08-01,2018-08-06,2018-08-07,2018-08-09,2018-08-08,5,7,6,8,1,2,-1
1928,Book,2018-08-08,2018-08-24,2018-08-15,2018-08-16,2018-08-31,16,23,7,8,-9,1,15
1929,BBFF,2018-08-08,2018-08-14,2018-08-15,2018-08-16,2018-08-16,6,8,7,8,1,1,0
1930,BBFF,2018-08-16,2018-08-17,2018-08-17,2018-08-24,2018-08-24,1,8,1,8,0,7,0
1931,LifeStyle,2018-08-22,2018-08-22,2018-08-28,2018-08-30,2018-09-11,0,20,6,8,6,2,12
1932,Digital Service,2018-08-23,2018-08-28,2018-08-30,2018-08-31,2018-09-04,5,12,7,8,2,1,4
1933,LifeStyle,2018-08-27,2018-08-27,2018-08-28,2018-09-04,2018-09-05,0,9,1,8,1,7,1
1934,Electronic,2018-08-31,2018-09-04,2018-09-07,2018-09-08,2018-09-12,4,12,7,8,3,1,4
1935,Electronic,2018-09-10,2018-09-12,2018-09-17,2018-09-18,2018-09-22,2,12,7,8,5,1,4
1936,LifeStyle,2018-09-11,2018-09-14,2018-09-18,2018-09-19,2018-09-20,3,9,7,8,4,1,1
1937,BBFF,2018-09-11,2018-09-13,2018-09-13,2018-09-19,2018-10-02,2,21,2,8,0,6,13
1938,BBFF,2018-09-13,2018-09-17,2018-09-20,2018-09-21,2018-09-20,4,7,7,8,3,1,-1
1939,LifeStyle,2018-09-17,2018-09-18,2018-09-18,2018-09-25,2018-09-27,1,10,1,8,0,7,2
1940,LifeStyle,2018-09-17,2018-09-17,2018-09-20,2018-09-25,2018-10-01,0,14,3,8,3,5,6
1941,BBFF,2018-09-18,2018-09-20,2018-09-25,2018-09-26,2018-09-26,2,8,7,8,5,1,0
1942,Electronic,2018-09-18,2018-09-20,2018-09-25,2018-09-26,2018-09-28,2,10,7,8,5,1,2
1943,BBFF,2018-09-21,2018-09-21,2018-09-21,2018-09-29,2018-10-01,0,10,0,8,0,8,2
1944,BBFF,2018-09-26,2018-09-27,2018-09-28,2018-10-04,2018-10-05,1,9,2,8,1,6,1
1945,BBFF,2018-09-27,2018-09-30,2018-10-05,2018-10-05,2018-10-08,3,11,8,8,5,0,3
1946,BBFF,2018-10-03,2018-10-03,2018-10-03,2018-10-11,2018-10-10,0,7,0,8,0,8,-1
1947,BBFF,2018-03-15,2018-03-20,2018-03-16,2018-03-22,2018-03-22,5,7,1,7,-4,6,0
1948,BBFF,2018-03-23,2018-03-30,2018-03-29,2018-03-30,2018-04-04,7,12,6,7,-1,1,5
1949,Electronic,2018-04-04,2018-04-11,2018-04-09,2018-04-11,2018-04-12,7,8,5,7,-2,2,1
1950,LifeStyle,2018-04-19,2018-05-09,2018-04-26,2018-04-26,2018-05-27,20,38,7,7,-13,0,31
1951,Digital Service,2018-05-16,2018-05-22,2018-05-22,2018-05-23,2018-05-28,6,12,6,7,0,1,5
1952,LifeStyle,2018-05-17,2018-05-22,2018-05-23,2018-05-24,2018-06-16,5,30,6,7,1,1,23
1953,Electronic,2018-05-22,2018-05-28,2018-05-29,2018-05-29,2018-07-03,6,42,7,7,1,0,35
1954,LifeStyle,2018-06-04,2018-06-05,2018-06-09,2018-06-11,2018-06-10,1,6,5,7,4,2,-1
1955,BBFF,2018-06-18,2018-06-28,2018-06-22,2018-06-25,2018-07-02,10,14,4,7,-6,3,7
1956,LifeStyle,2018-07-02,2018-07-06,2018-07-03,2018-07-09,2018-07-09,4,7,1,7,-3,6,0
1957,LifeStyle,2018-07-04,2018-07-06,2018-07-10,2018-07-11,2018-07-24,2,20,6,7,4,1,13
1958,LifeStyle,2018-07-19,2018-07-30,2018-07-24,2018-07-26,2018-08-02,11,14,5,7,-6,2,7
1959,BBFF,2018-07-19,2018-07-20,2018-07-25,2018-07-26,2018-08-01,1,13,6,7,5,1,6
1960,BBFF,2018-07-25,2018-07-25,2018-07-31,2018-08-01,2018-07-31,0,6,6,7,6,1,-1
1961,BBFF,2018-08-03,2018-08-09,2018-08-09,2018-08-10,2018-08-16,6,13,6,7,0,1,6
1962,LifeStyle,2018-08-07,2018-08-10,2018-08-13,2018-08-14,2018-08-19,3,12,6,7,3,1,5
1963,BBFF,2018-08-09,2018-08-15,2018-08-15,2018-08-16,2018-08-23,6,14,6,7,0,1,7
1964,BBFF,2018-08-10,2018-08-17,2018-08-16,2018-08-17,2018-08-20,7,10,6,7,-1,1,3
1965,Electronic,2018-08-13,2018-08-15,2018-08-14,2018-08-20,2018-08-20,2,7,1,7,-1,6,0
1966,BBFF,2018-08-15,2018-08-22,2018-08-21,2018-08-22,2018-09-03,7,19,6,7,-1,1,12
1967,BBFF,2018-08-15,2018-08-16,2018-08-21,2018-08-22,2018-08-25,1,10,6,7,5,1,3
1968,BBFF,2018-08-23,2018-08-28,2018-08-29,2018-08-30,2018-09-01,5,9,6,7,1,1,2
1969,Electronic,2018-08-30,2018-09-04,2018-09-05,2018-09-06,2018-09-26,5,27,6,7,1,1,20
1970,Book,2018-09-05,2018-09-07,2018-09-05,2018-09-12,2018-09-13,2,8,0,7,-2,7,1
1971,Electronic,2018-09-06,2018-09-10,2018-09-12,2018-09-13,2018-09-28,4,22,6,7,2,1,15
1972,Digital Service,2018-09-11,2018-09-13,2018-09-17,2018-09-18,2018-09-21,2,10,6,7,4,1,3
1973,LifeStyle,2018-09-22,2018-09-26,2018-09-25,2018-09-29,2018-10-17,4,25,3,7,-1,4,18
1974,BBFF,2018-09-25,2018-09-25,2018-09-25,2018-10-02,2018-10-09,0,14,0,7,0,7,7
1975,LifeStyle,2018-09-27,2018-09-28,2018-10-04,2018-10-04,2018-10-12,1,15,7,7,6,0,8
1976,Book,2018-09-27,2018-09-28,2018-09-27,2018-10-04,2018-10-03,1,6,0,7,-1,7,-1
1977,Electronic,2018-10-03,2018-10-04,2018-10-10,2018-10-10,2018-10-17,1,14,7,7,6,0,7
1978,BBFF,2018-10-04,2018-10-09,2018-10-11,2018-10-11,2018-10-13,5,9,7,7,2,0,2
1979,BBFF,2018-04-20,2018-04-26,2018-04-23,2018-04-26,2018-04-27,6,7,3,6,-3,3,1
1980,Electronic,2018-05-08,2018-05-09,2018-05-10,2018-05-14,2018-05-15,1,7,2,6,1,4,1
1981,BBFF,2018-05-09,2018-05-29,2018-05-14,2018-05-15,2018-05-30,20,21,5,6,-15,1,15
1982,Electronic,2018-05-11,2018-05-14,2018-05-16,2018-05-17,2018-05-24,3,13,5,6,2,1,7
1983,BBFF,2018-05-17,2018-05-17,2018-05-22,2018-05-23,2018-05-28,0,11,5,6,5,1,5
1984,BBFF,2018-06-08,2018-06-13,2018-06-13,2018-06-14,2018-06-17,5,9,5,6,0,1,3
1985,BBFF,2018-06-11,2018-06-14,2018-06-13,2018-06-17,2018-06-19,3,8,2,6,-1,4,2
1986,Digital Service,2018-06-14,2018-06-18,2018-06-19,2018-06-20,2018-06-27,4,13,5,6,1,1,7
1987,BBFF,2018-06-21,2018-06-26,2018-06-25,2018-06-27,2018-06-26,5,5,4,6,-1,2,-1
1988,BBFF,2018-06-28,2018-06-30,2018-07-03,2018-07-04,2018-07-04,2,6,5,6,3,1,0
1989,Book,2018-07-13,2018-07-20,2018-07-16,2018-07-19,2018-07-24,7,11,3,6,-4,3,5
1990,BBFF,2018-07-13,2018-07-17,2018-07-16,2018-07-19,2018-07-18,4,5,3,6,-1,3,-1
1991,BBFF,2018-07-26,2018-07-27,2018-07-31,2018-08-01,2018-08-02,1,7,5,6,4,1,1
1992,Digital Service,2018-07-27,2018-08-01,2018-08-01,2018-08-02,2018-08-06,5,10,5,6,0,1,4
1993,Electronic,2018-08-04,2018-08-07,2018-08-09,2018-08-10,2018-08-13,3,9,5,6,2,1,3
1994,Electronic,2018-08-06,2018-08-08,2018-08-10,2018-08-12,2018-09-04,2,29,4,6,2,2,23
1995,BBFF,2018-08-09,2018-08-20,2018-08-14,2018-08-15,2018-08-27,11,18,5,6,-6,1,12
1996,BBFF,2018-08-09,2018-08-09,2018-08-14,2018-08-15,2018-08-17,0,8,5,6,5,1,2
1997,Electronic,2018-08-10,2018-08-10,2018-08-15,2018-08-16,2018-09-08,0,29,5,6,5,1,23
1998,BBFF,2018-08-11,2018-08-16,2018-08-15,2018-08-17,2018-08-17,5,6,4,6,-1,2,0
1999,BBFF,2018-08-13,2018-08-16,2018-08-14,2018-08-19,2018-08-31,3,18,1,6,-2,5,12
2000,Electronic,2018-08-20,2018-08-23,2018-08-21,2018-08-26,2018-08-27,3,7,1,6,-2,5,1
2001,LifeStyle,2018-08-22,2018-08-23,2018-08-27,2018-08-28,2018-08-28,1,6,5,6,4,1,0
2002,LifeStyle,2018-08-23,2018-08-23,2018-08-28,2018-08-29,2018-09-10,0,18,5,6,5,1,12
2003,Electronic,2018-08-31,2018-09-05,2018-09-06,2018-09-06,2018-09-09,5,9,6,6,1,0,3
2004,Digital Service,2018-08-31,2018-08-31,2018-09-04,2018-09-06,2018-09-15,0,15,4,6,4,2,9
2005,Electronic,2018-08-31,2018-08-31,2018-09-06,2018-09-06,2018-09-15,0,15,6,6,6,0,9
2006,BBFF,2018-09-11,2018-09-13,2018-09-16,2018-09-17,2018-10-16,2,35,5,6,3,1,29
2007,BBFF,2018-09-12,2018-09-13,2018-09-18,2018-09-18,2018-09-27,1,15,6,6,5,0,9
2008,Digital Service,2018-09-14,2018-09-17,2018-09-19,2018-09-20,2018-10-05,3,21,5,6,2,1,15
2009,BBFF,2018-09-19,2018-09-20,2018-09-24,2018-09-25,2018-10-10,1,21,5,6,4,1,15
2010,BBFF,2018-09-20,2018-09-25,2018-09-25,2018-09-26,2018-10-04,5,14,5,6,0,1,8
2011,BBFF,2018-09-26,2018-10-02,2018-10-01,2018-10-02,2018-10-03,6,7,5,6,-1,1,1
2012,LifeStyle,2018-09-28,2018-10-04,2018-10-03,2018-10-04,2018-10-04,6,6,5,6,-1,1,0
2013,BBFF,2018-09-28,2018-09-29,2018-10-04,2018-10-04,2018-10-13,1,15,6,6,5,0,9
2014,Digital Service,2018-09-28,2018-09-28,2018-10-05,2018-10-04,2018-10-13,0,15,7,6,7,-1,9
2015,BBFF,2018-10-02,2018-10-03,2018-10-05,2018-10-08,2018-10-09,1,7,3,6,2,3,1
2016,LifeStyle,2018-10-04,2018-10-04,2018-10-09,2018-10-10,2018-10-18,0,14,5,6,5,1,8
2017,BBFF,2018-10-05,2018-10-05,2018-10-12,2018-10-11,2018-10-14,0,9,7,6,7,-1,3
2018,Book,2018-10-09,2018-10-10,2018-10-15,2018-10-15,2018-10-16,1,7,6,6,5,0,1
2019,LifeStyle,2018-10-10,2018-10-11,2018-10-16,2018-10-16,2018-10-18,1,8,6,6,5,0,2
2020,BBFF,2018-05-07,2018-05-10,2018-05-10,2018-05-12,2018-05-15,3,8,3,5,0,2,3
2021,LifeStyle,2018-05-11,2018-07-05,2018-05-15,2018-05-16,2018-09-26,55,138,4,5,-51,1,133
2022,LifeStyle,2018-05-16,2018-05-18,2018-05-18,2018-05-21,2018-05-23,2,7,2,5,0,3,2
2023,BBFF,2018-05-19,2018-06-19,2018-05-22,2018-05-24,2018-06-30,31,42,3,5,-28,2,37
2024,LifeStyle,2018-05-25,2018-05-31,2018-05-31,2018-05-30,2018-06-07,6,13,6,5,0,-1,8
2025,BBFF,2018-06-01,2018-06-01,2018-06-05,2018-06-06,2018-06-07,0,6,4,5,4,1,1
2026,LifeStyle,2018-06-09,2018-06-13,2018-06-13,2018-06-14,2018-06-28,4,19,4,5,0,1,14
2027,LifeStyle,2018-06-18,2018-06-22,2018-06-22,2018-06-23,2018-06-24,4,6,4,5,0,1,1
2028,Book,2018-06-22,2018-06-27,2018-06-26,2018-06-27,2018-07-05,5,13,4,5,-1,1,8
2029,BBFF,2018-06-22,2018-06-25,2018-06-22,2018-06-27,2018-07-02,3,10,0,5,-3,5,5
2030,LifeStyle,2018-06-23,2018-06-30,2018-06-27,2018-06-28,2018-07-01,7,8,4,5,-3,1,3
2031,Digital Service,2018-07-05,2018-07-09,2018-07-09,2018-07-10,2018-07-10,4,5,4,5,0,1,0
2032,Digital Service,2018-07-12,2018-07-13,2018-07-16,2018-07-17,2018-07-17,1,5,4,5,3,1,0
2033,BBFF,2018-07-21,2018-07-25,2018-07-25,2018-07-26,2018-07-31,4,10,4,5,0,1,5
2034,BBFF,2018-08-01,2018-08-06,2018-08-03,2018-08-06,2018-08-07,5,6,2,5,-3,3,1
2035,LifeStyle,2018-08-03,2018-08-03,2018-08-06,2018-08-08,2018-08-14,0,11,3,5,3,2,6
2036,Electronic,2018-08-09,2018-08-13,2018-08-13,2018-08-14,2018-08-24,4,15,4,5,0,1,10
2037,LifeStyle,2018-08-09,2018-08-10,2018-08-10,2018-08-14,2018-08-16,1,7,1,5,0,4,2
2038,BBFF,2018-08-10,2018-08-15,2018-08-14,2018-08-15,2018-08-17,5,7,4,5,-1,1,2
2039,Digital Service,2018-08-10,2018-08-13,2018-08-14,2018-08-15,2018-08-16,3,6,4,5,1,1,1
2040,BBFF,2018-08-14,2018-08-16,2018-08-17,2018-08-19,2018-08-23,2,9,3,5,1,2,4
2041,Electronic,2018-08-17,2018-08-20,2018-08-21,2018-08-22,2018-08-26,3,9,4,5,1,1,4
2042,Digital Service,2018-08-19,2018-08-22,2018-08-21,2018-08-24,2018-08-31,3,12,2,5,-1,3,7
2043,BBFF,2018-08-20,2018-08-21,2018-08-24,2018-08-25,2018-08-30,1,10,4,5,3,1,5
2044,BBFF,2018-09-05,2018-09-06,2018-09-10,2018-09-10,2018-09-11,1,6,5,5,4,0,1
2045,Electronic,2018-09-05,2018-09-06,2018-09-10,2018-09-10,2018-09-11,1,6,5,5,4,0,1
2046,BBFF,2018-09-07,2018-09-07,2018-09-11,2018-09-12,2018-09-12,0,5,4,5,4,1,0
2047,Digital Service,2018-09-10,2018-09-11,2018-09-13,2018-09-15,2018-09-14,1,4,3,5,2,2,-1
2048,LifeStyle,2018-09-12,2018-09-13,2018-09-13,2018-09-17,2018-09-18,1,6,1,5,0,4,1
2049,Book,2018-09-13,2018-09-17,2018-09-18,2018-09-18,2018-09-19,4,6,5,5,1,0,1
2050,Digital Service,2018-09-14,2018-09-17,2018-09-19,2018-09-19,2018-09-28,3,14,5,5,2,0,9
2051,BBFF,2018-09-22,2018-09-22,2018-09-26,2018-09-27,2018-09-26,0,4,4,5,4,1,-1
2052,BBFF,2018-09-27,2018-09-27,2018-10-02,2018-10-02,2018-10-03,0,6,5,5,5,0,1
2053,Electronic,2018-09-27,2018-09-27,2018-10-02,2018-10-02,2018-10-06,0,9,5,5,5,0,4
2054,LifeStyle,2018-09-29,2018-09-30,2018-10-04,2018-10-04,2018-10-04,1,5,5,5,4,0,0
2055,Electronic,2018-10-02,2018-10-02,2018-10-02,2018-10-07,2018-10-08,0,6,0,5,0,5,1
2056,LifeStyle,2018-10-03,2018-10-05,2018-10-05,2018-10-08,2018-10-09,2,6,2,5,0,3,1
2057,LifeStyle,2018-10-04,2018-10-05,2018-10-09,2018-10-09,2018-10-15,1,11,5,5,4,0,6
2058,LifeStyle,2018-10-04,2018-10-05,2018-10-08,2018-10-09,2018-10-10,1,6,4,5,3,1,1
2059,LifeStyle,2018-10-04,2018-10-04,2018-10-08,2018-10-09,2018-10-11,0,7,4,5,4,1,2
2060,LifeStyle,2018-10-05,2018-10-11,2018-10-10,2018-10-10,2018-10-18,6,13,5,5,-1,0,8
2061,Book,2018-10-05,2018-10-08,2018-10-08,2018-10-10,2018-10-11,3,6,3,5,0,2,1
2062,BBFF,2018-10-05,2018-10-05,2018-10-09,2018-10-10,2018-10-10,0,5,4,5,4,1,0
2063,LifeStyle,2018-04-24,2018-04-26,2018-04-27,2018-04-28,2018-05-03,2,9,3,4,1,1,5
2064,Electronic,2018-05-05,2018-06-07,2018-05-08,2018-05-09,2018-06-21,33,47,3,4,-30,1,43
2065,BBFF,2018-05-10,2018-05-22,2018-05-13,2018-05-14,2018-05-26,12,16,3,4,-9,1,12
2066,Electronic,2018-05-25,2018-05-28,2018-05-28,2018-05-29,2018-05-29,3,4,3,4,0,1,0
2067,LifeStyle,2018-06-13,2018-08-17,2018-06-13,2018-06-17,2018-08-19,65,67,0,4,-65,4,63
2068,Digital Service,2018-06-15,2018-06-18,2018-06-18,2018-06-19,2018-09-06,3,83,3,4,0,1,79
2069,BBFF,2018-07-18,2018-07-25,2018-07-19,2018-07-22,2018-08-22,7,35,1,4,-6,3,31
2070,BBFF,2018-07-24,2018-07-25,2018-07-27,2018-07-28,2018-08-01,1,8,3,4,2,1,4
2071,Electronic,2018-08-03,2018-08-07,2018-08-07,2018-08-07,2018-08-17,4,14,4,4,0,0,10
2072,BBFF,2018-08-13,2018-08-20,2018-08-14,2018-08-17,2018-08-27,7,14,1,4,-6,3,10
2073,BBFF,2018-08-24,2018-08-24,2018-08-24,2018-08-28,2018-08-30,0,6,0,4,0,4,2
2074,Book,2018-08-29,2018-08-30,2018-08-30,2018-09-02,2018-08-31,1,2,1,4,0,3,-2
2075,LifeStyle,2018-09-05,2018-09-10,2018-09-08,2018-09-09,2018-09-11,5,6,3,4,-2,1,2
2076,BBFF,2018-09-06,2018-09-11,2018-09-08,2018-09-10,2018-09-14,5,8,2,4,-3,2,4
2077,BBFF,2018-09-11,2018-09-14,2018-09-14,2018-09-15,2018-09-14,3,3,3,4,0,1,-1
2078,Electronic,2018-09-13,2018-09-18,2018-09-17,2018-09-17,2018-09-18,5,5,4,4,-1,0,1
2079,BBFF,2018-09-15,2018-09-18,2018-09-18,2018-09-19,2018-10-14,3,29,3,4,0,1,25
2080,LifeStyle,2018-09-17,2018-09-21,2018-09-20,2018-09-21,2018-09-23,4,6,3,4,-1,1,2
2081,Book,2018-09-22,2018-09-22,2018-09-22,2018-09-26,2018-09-25,0,3,0,4,0,4,-1
2082,Electronic,2018-09-24,2018-09-25,2018-09-25,2018-09-28,2018-10-03,1,9,1,4,0,3,5
2083,Electronic,2018-09-25,2018-09-26,2018-09-28,2018-09-29,2018-10-01,1,6,3,4,2,1,2
2084,BBFF,2018-09-28,2018-09-28,2018-09-28,2018-10-02,2018-10-04,0,6,0,4,0,4,2
2085,Book,2018-10-02,2018-10-03,2018-10-05,2018-10-06,2018-10-09,1,7,3,4,2,1,3
2086,Digital Service,2018-10-05,2018-10-08,2018-10-09,2018-10-09,2018-10-17,3,12,4,4,1,0,8
2087,Digital Service,2018-10-05,2018-10-05,2018-10-09,2018-10-09,2018-10-10,0,5,4,4,4,0,1
2088,LifeStyle,2018-04-09,2018-04-16,2018-04-11,2018-04-12,2018-04-25,7,16,2,3,-5,1,13
2089,BBFF,2018-06-25,2018-07-26,2018-06-27,2018-06-28,2018-09-14,31,81,2,3,-29,1,78
2090,LifeStyle,2018-07-03,2018-07-05,2018-07-05,2018-07-06,2018-08-10,2,38,2,3,0,1,35
2091,BBFF,2018-07-28,2018-07-30,2018-07-30,2018-07-31,2018-07-31,2,3,2,3,0,1,0
2092,Electronic,2018-08-09,2018-08-10,2018-08-10,2018-08-12,2018-08-18,1,9,1,3,0,2,6
2093,Electronic,2018-08-13,2018-08-15,2018-08-15,2018-08-16,2018-09-06,2,24,2,3,0,1,21
2094,LifeStyle,2018-08-14,2018-08-20,2018-08-14,2018-08-17,2018-08-29,6,15,0,3,-6,3,12
2095,BBFF,2018-08-14,2018-08-18,2018-08-16,2018-08-17,2018-08-18,4,4,2,3,-2,1,1
2096,LifeStyle,2018-08-14,2018-08-15,2018-08-16,2018-08-17,2018-08-16,1,2,2,3,1,1,-1
2097,Electronic,2018-08-14,2018-08-15,2018-08-16,2018-08-17,2018-08-18,1,4,2,3,1,1,1
2098,Electronic,2018-08-15,2018-08-23,2018-08-17,2018-08-18,2018-10-01,8,47,2,3,-6,1,44
2099,BBFF,2018-09-06,2018-09-07,2018-09-07,2018-09-09,2018-09-10,1,4,1,3,0,2,1
2100,Digital Service,2018-09-07,2018-09-10,2018-09-10,2018-09-10,2018-09-11,3,4,3,3,0,0,1
2101,Digital Service,2018-09-12,2018-09-13,2018-09-14,2018-09-15,2018-09-18,1,6,2,3,1,1,3
2102,Electronic,2018-09-25,2018-09-26,2018-09-27,2018-09-28,2018-10-07,1,12,2,3,1,1,9
2103,BBFF,2018-09-26,2018-09-27,2018-09-27,2018-09-29,2018-10-16,1,20,1,3,0,2,17
2104,Electronic,2018-03-01,2018-03-03,2018-03-02,2018-03-03,2018-03-08,2,7,1,2,-1,1,5
2105,LifeStyle,2018-03-27,2018-03-29,2018-03-28,2018-03-29,2018-04-17,2,21,1,2,-1,1,19
2106,LifeStyle,2018-03-28,2018-03-29,2018-03-29,2018-03-30,2018-04-22,1,25,1,2,0,1,23
2107,LifeStyle,2018-05-08,2018-05-15,2018-05-09,2018-05-10,2018-05-24,7,16,1,2,-6,1,14
2108,Book,2018-06-10,2018-06-25,2018-06-10,2018-06-12,2018-07-04,15,24,0,2,-15,2,22
2109,BBFF,2018-06-15,2018-06-15,2018-06-15,2018-06-17,2018-06-17,0,2,0,2,0,2,0
2110,LifeStyle,2018-06-18,2018-06-22,2018-06-19,2018-06-20,2018-06-27,4,9,1,2,-3,1,7
2111,Book,2018-06-29,2018-07-06,2018-06-30,2018-07-01,2018-07-06,7,7,1,2,-6,1,5
2112,LifeStyle,2018-07-12,2018-07-18,2018-07-13,2018-07-14,2018-07-19,6,7,1,2,-5,1,5
2113,LifeStyle,2018-07-25,2018-07-26,2018-07-26,2018-07-27,2018-07-28,1,3,1,2,0,1,1
2114,Electronic,2018-08-09,2018-08-10,2018-08-10,2018-08-11,2018-08-14,1,5,1,2,0,1,3
2115,LifeStyle,2018-08-21,2018-08-23,2018-08-22,2018-08-23,2018-09-07,2,17,1,2,-1,1,15
2116,LifeStyle,2018-08-22,2018-08-27,2018-08-23,2018-08-24,2018-09-09,5,18,1,2,-4,1,16
2117,LifeStyle,2018-08-27,2018-08-28,2018-08-28,2018-08-29,2018-08-29,1,2,1,2,0,1,0
2118,LifeStyle,2018-09-13,2018-09-14,2018-09-14,2018-09-15,2018-09-19,1,6,1,2,0,1,4
2119,BBFF,2018-09-19,2018-09-20,2018-09-20,2018-09-21,2018-09-21,1,2,1,2,0,1,0
2120,BBFF,2018-09-19,2018-09-20,2018-09-20,2018-09-21,2018-09-22,1,3,1,2,0,1,1
2121,Electronic,2018-09-21,2018-09-22,2018-09-22,2018-09-23,2018-10-06,1,15,1,2,0,1,13
2122,BBFF,2018-09-22,2018-10-09,2018-09-23,2018-09-24,2018-10-11,17,19,1,2,-16,1,17
2123,Book,2018-09-27,2018-09-28,2018-09-27,2018-09-29,2018-10-05,1,8,0,2,-1,2,6
2124,LifeStyle,2018-10-09,2018-10-10,2018-10-11,2018-10-11,2018-10-13,1,4,2,2,1,0,2
2125,Electronic,2018-10-09,2018-10-10,2018-10-10,2018-10-11,2018-10-11,1,2,1,2,0,1,0
2126,Book,2018-10-09,2018-10-09,2018-10-09,2018-10-11,2018-10-11,0,2,0,2,0,2,0
2127,Electronic,2018-04-20,2018-06-08,2018-04-20,2018-04-21,2018-09-23,49,156,0,1,-49,1,155
2128,LifeStyle,2018-06-11,2018-07-11,2018-06-11,2018-06-12,2018-10-01,30,112,0,1,-30,1,111
2129,LifeStyle,2018-06-11,2018-06-11,2018-06-11,2018-06-12,2018-06-15,0,4,0,1,0,1,3
2130,Electronic,2018-08-08,2018-08-08,2018-08-08,2018-08-09,2018-08-12,0,4,0,1,0,1,3
2131,BBFF,2018-08-31,2018-09-04,2018-08-31,2018-09-01,2018-09-08,4,8,0,1,-4,1,7
2132,Electronic,2018-09-12,2018-09-14,2018-09-13,2018-09-13,2018-10-15,2,33,1,1,-1,0,32
2133,BBFF,2018-09-13,2018-09-13,2018-09-13,2018-09-14,2018-09-26,0,13,0,1,0,1,12
2134,BBFF,2018-09-17,2018-09-19,2018-09-18,2018-09-18,2018-09-21,2,4,1,1,-1,0,3
2135,LifeStyle,2018-09-18,2018-09-20,2018-09-19,2018-09-19,2018-09-25,2,7,1,1,-1,0,6
2136,LifeStyle,2018-09-24,2018-09-28,2018-09-24,2018-09-25,2018-10-09,4,15,0,1,-4,1,14
2137,LifeStyle,2018-09-26,2018-09-26,2018-09-26,2018-09-27,2018-10-12,0,16,0,1,0,1,15
2138,LifeStyle,2018-09-27,2018-09-27,2018-09-27,2018-09-28,2018-09-30,0,3,0,1,0,1,2
2139,Electronic,2018-10-01,2018-10-02,2018-10-03,2018-10-02,2018-10-09,1,8,2,1,1,-1,7
2140,Digital Service,2018-10-03,2018-10-04,2018-10-05,2018-10-04,2018-10-08,1,5,2,1,1,-1,4
2141,BBFF,2018-10-04,2018-10-04,2018-10-05,2018-10-05,2018-10-09,0,5,1,1,1,0,4
2142,Electronic,2018-10-10,2018-10-15,2018-10-11,2018-10-11,2018-10-15,5,5,1,1,-4,0,4
2143,LifeStyle,2018-09-18,2018-09-18,2018-09-18,2018-09-18,2018-09-21,0,3,0,0,0,0,3
2144,Electronic,2018-10-04,2018-10-04,2018-10-05,2018-10-04,2018-10-12,0,8,1,0,1,-1,8
2145,BBFF,2018-10-05,2018-10-05,2018-10-05,2018-10-05,2018-10-06,0,1,0,0,0,0,1
